128 128
0 0 0 0 0 0 0 0 0 0 0 0 0 0 0 0 0 0 0 0 0 0 0 0 0 0 0 0 0 0 0 0 0 0 0 0 0 0 0 0 0 0 0 0 0 0 0 0 0 0 0 0 0 0 0 0 0 0 0 0 0 0 0 0 0 0 0 0 0 0 0 0 0 0 0 0 0 0 0 0 0 0 0 0 0 0 0 0 0 0 0 0 0 0 0 0 0 0 0 0 0 0 0 0 0 0 0 0 0 0 0 0 0 0 0 0 0 0 0 0 0 0 0 0 0 0 0 1
2 3 3 3 3 3 3 3 3 3 3 3 3 3 3 3 3 3 3 3 3 3 3 3 3 3 3 3 3 3 3 3 3 3 3 3 3 3 3 3 3 3 3 3 3 3 3 3 3 3 3 3 3 3 3 3 3 3 3 3 3 3 3 3 3 3 3 3 3 3 3 3 3 3 3 3 3 3 3 3 3 3 3 3 3 3 3 3 3 3 3 3 3 3 3 3 3 3 3 3 3 3 3 3 3 3 3 3 3 3 3 3 3 3 3 3 3 3 3 3 3 3 3 3 3 3 3 3
0 0 0 0 0 0 0 0 0 0 0 0 0 0 0 0 0 0 0 0 0 0 0 0 0 0 0 0 0 0 0 0 0 0 0 0 0 0 0 0 0 0 0 0 0 0 0 0 0 0 0 0 0 0 0 0 0 0 0 0 0 0 0 0 0 0 0 0 0 0 0 0 0 0 0 0 0 0 0 0 0 0 0 0 0 0 0 0 0 0 0 0 0 0 0 0 0 0 0 0 0 0 0 0 0 0 0 0 0 0 0 0 0 0 0 0 0 0 0 0 0 0 0 0 0 1 2 3
0 1 2 3 3 3 3 3 3 3 3 3 3 3 3 3 3 3 3 3 3 3 3 3 3 3 3 3 3 3 3 3 3 3 3 3 3 3 3 3 3 3 3 3 3 3 3 3 3 3 3 3 3 3 3 3 3 3 3 3 3 3 3 3 3 3 3 3 3 3 3 3 3 3 3 3 3 3 3 3 3 3 3 3 0 1 2 3 3 3 3 3 3 3 3 3 3 3 3 3 3 3 3 3 3 3 3 3 3 3 3 3 3 3 3 3 3 3 3 3 3 3 3 3 3 3 3 3
0 0 0 0 0 0 0 0 0 0 0 0 0 0 0 0 0 1 2 3 3 3 3 3 3 3 0 0 0 0 0 0 0 0 0 0 0 0 0 0 0 0 0 0 0 0 0 0 0 0 0 1 2 3 3 3 3 3 2 3 3 3 3 3 3 0 0 1 2 3 3 0 0 1 2 3 0 0 0 0 0 0 1 2 3 3 2 3 3 0 0 0 0 0 0 0 1 2 3 3 0 0 0 0 0 1 2 3 0 0 1 2 3 3 3 0 0 0 0 0 0 0 0 0 0 1 2 3
1 2 3 3 3 3 3 1 2 3 3 3 3 3 3 3 3 3 3 3 3 3 3 1 2 3 0 1 2 3 3 3 3 3 3 3 3 3 3 3 3 3 3 3 3 3 3 3 3 3 3 3 3 3 0 1 2 3 3 3 3 3 1 2 3 3 3 3 3 3 3 3 1 2 0 0 0 0 1 2 3 3 3 3 3 3 2 3 3 2 3 0 0 1 2 0 1 2 0 1 2 3 3 3 3 3 3 3 0 1 2 3 3 3 3 3 3 0 0 0 1 2 3 3 3 3 3 3
1 2 3 0 1 2 3 3 3 3 0 0 0 1 2 3 3 3 2 0 1 2 3 0 0 0 1 2 3 3 0 1 2 3 3 1 2 3 3 3 3 3 3 3 2 3 3 1 2 3 3 3 3 3 0 1 2 3 3 2 3 3 3 3 3 3 1 2 3 3 2 3 1 2 0 1 2 0 0 1 2 3 3 3 3 3 3 3 3 1 2 3 3 2 3 0 0 0 1 2 3 3 0 0 1 2 3 0 1 2 3 3 0 1 2 3 3 0 1 0 0 0 1 2 3 1 2 3
0 1 2 3 3 0 1 2 3 3 0 0 0 0 0 0 0 0 0 0 0 0 0 0 0 1 2 3 3 3 2 3 1 2 3 3 3 0 0 0 1 2 3 3 1 2 3 0 1 2 3 2 3 3 3 1 2 3 3 3 3 2 3 3 3 0 0 1 2 3 2 3 2 0 0 1 2 0 1 2 3 3 2 3 3 2 3 3 3 2 3 3 3 3 3 0 0 1 2 3 3 3 0 1 2 3 3 3 3 3 3 3 0 1 2 3 3 3 3 3 3 3 3 3 3 1 2 3
1 2 3 3 0 1 2 3 0 1 0 1 2 3 3 3 3 3 3 3 3 3 0 1 2 3 3 3 1 2 3 0 1 2 3 0 0 0 1 2 3 1 2 3 3 3 3 0 1 2 3 2 3 2 3 1 2 3 3 3 1 2 3 2 0 1 2 3 2 3 2 3 0 0 1 2 3 0 1 2 3 3 2 3 3 2 3 3 3 3 3 1 2 3 3 0 1 2 3 3 2 0 0 1 2 3 3 0 1 2 3 1 2 3 1 2 3 3 0 0 0 0 0 1 2 3 2 3
0 0 0 0 0 1 2 0 0 0 0 0 0 0 0 0 0 0 0 0 0 0 0 0 0 0 1 2 3 0 0 0 0 0 0 1 2 3 0 0 0 1 2 3 2 3 0 1 2 3 1 2 3 3 0 1 2 3 3 1 2 3 1 0 1 2 3 3 2 3 3 0 0 0 1 2 3 0 1 2 0 1 2 3 3 2 3 3 3 3 0 1 2 3 3 3 3 3 3 0 0 0 1 2 3 3 3 0 0 1 2 3 0 0 0 1 2 3 3 2 3 3 3 3 3 3 1 2
1 2 3 3 2 3 3 3 3 3 3 3 3 3 3 3 3 3 3 3 3 3 3 1 2 0 1 2 3 3 0 0 0 0 0 0 0 0 0 0 0 0 0 0 0 0 0 0 0 0 0 0 0 0 0 0 0 0 0 0 0 0 0 0 0 1 2 3 0 0 0 0 1 2 3 3 0 0 0 0 0 1 2 3 3 1 0 0 1 2 3 3 1 2 3 0 1 2 3 0 1 0 1 2 3 3 3 3 0 1 2 3 0 1 2 3 2 3 3 0 0 0 1 2 3 0 1 2
0 0 0 0 0 0 0 0 0 0 0 0 0 0 0 0 0 0 0 0 0 0 0 0 0 1 2 3 3 3 3 3 3 0 1 2 3 3 3 3 3 3 3 3 3 3 3 3 3 3 3 3 3 3 3 3 3 3 3 3 3 3 3 3 3 0 0 0 0 1 2 3 0 1 2 3 3 0 1 2 0 0 0 0 0 0 0 0 1 2 0 0 0 0 0 1 2 3 3 0 0 1 2 3 0 0 0 1 2 0 1 2 0 1 2 3 2 3 3 2 3 3 3 3 3 0 1 2
0 0 0 0 0 1 2 3 0 0 1 0 1 2 3 3 3 3 3 3 3 3 3 0 0 1 2 3 0 0 1 2 3 0 0 0 0 1 2 3 3 3 3 3 3 3 3 0 0 0 0 0 0 0 0 0 1 2 3 0 1 2 3 3 3 3 3 3 3 3 3 3 3 3 3 3 2 3 3 3 0 1 2 3 3 3 3 3 3 3 3 1 2 3 0 0 0 0 0 0 0 0 0 0 0 1 2 3 0 0 1 2 0 1 2 0 1 0 1 2 3 3 3 0 0 1 2 3
0 0 1 2 0 1 2 3 3 3 3 0 1 2 3 2 3 2 3 3 3 3 3 3 3 3 3 3 3 1 2 3 3 3 3 3 3 3 3 3 3 3 3 3 3 3 3 3 3 3 3 3 3 3 3 3 3 3 3 3 3 0 1 2 3 0 1 2 3 3 0 1 2 3 3 3 3 3 2 3 3 3 3 3 3 3 2 3 3 3 3 0 0 0 0 1 2 3 2 3 3 3 3 3 3 3 3 3 3 3 3 3 0 1 2 0 0 0 0 3 3 3 0 0 1 2 3 3
0 1 2 3 0 1 2 3 0 1 2 0 1 2 3 0 0 2 0 1 1 1 1 1 1 1 1 1 1 1 1 1 1 1 1 1 1 1 1 1 1 1 1 1 1 1 1 1 1 1 1 1 1 1 1 1 1 1 1 1 1 1 1 1 1 1 1 1 1 1 1 1 1 1 1 129 129 129 129 129 129 129 129 129 129 129 129 129 129 129 129 129 129 129 129 129 129 129 129 129 129 129 129 129 129 129 129 129 1 1 1 1 0 1 2 0 0 1 2 3 3 0 2 3 3 1 2 3
0 1 2 3 0 1 2 3 0 1 2 0 1 2 3 1 1 1 0 1 1 1 1 1 1 1 1 1 1 1 1 1 1 1 1 1 1 1 1 1 1 1 1 1 1 1 1 1 1 1 1 1 1 1 1 1 1 1 1 1 1 1 1 1 1 1 1 1 1 1 1 1 1 1 1 129 129 129 129 129 129 129 129 129 129 129 129 129 129 129 129 129 129 129 129 129 129 129 130 129 129 129 129 130 129 129 129 129 1 1 1 1 0 1 2 0 0 1 1 3 3 3 2 0 3 3 3 3
0 1 2 3 0 1 2 3 0 1 2 0 1 2 3 2 0 1 161 162 129 1 1 1 1 1 129 129 129 129 129 129 129 129 129 129 1 1 1 129 129 129 129 129 129 129 129 129 129 129 129 1 1 1 1 1 1 1 1 1 1 1 1 1 1 1 1 1 1 1 1 1 1 1 1 129 129 129 129 129 129 129 129 129 129 129 129 129 129 129 129 129 129 129 129 129 129 129 129 129 129 129 129 129 129 129 129 129 1 1 1 1 0 1 2 3 0 1 2 3 3 3 2 3 3 3 0 3
0 1 2 3 0 1 2 3 0 1 2 0 1 2 3 1 1 2 193 194 129 1 1 1 1 1 129 129 130 129 129 130 129 129 129 129 1 1 1 129 129 129 129 129 129 129 129 129 129 129 129 1 1 1 1 1 1 1 1 129 129 129 129 129 129 129 129 129 129 129 1 1 1 1 1 129 129 129 129 129 130 129 129 129 129 129 129 129 130 129 129 129 129 129 129 130 129 129 129 129 129 129 129 161 162 130 129 129 1 1 1 1 0 1 2 3 0 0 2 2 3 3 2 1 2 0 3 0
0 1 2 3 0 1 2 3 0 1 2 0 1 2 3 1 1 0 129 129 129 129 129 129 129 129 129 129 129 129 129 129 129 129 129 129 129 129 129 129 129 129 129 129 129 129 129 129 129 129 129 1 1 1 1 1 1 1 1 129 129 129 129 129 129 129 129 129 129 129 1 1 1 1 1 129 129 129 129 129 129 129 129 129 129 129 129 129 129 129 129 129 129 129 129 129 129 129 129 129 129 129 129 193 194 129 129 129 1 1 1 1 0 1 2 3 3 2 0 2 0 0 1 0 3 3 1 3
0 1 2 3 0 1 2 3 0 1 2 0 1 2 3 1 2 2 129 130 129 129 129 130 129 129 130 129 129 129 129 129 129 129 130 129 129 130 129 129 129 130 129 130 129 129 129 129 129 129 129 1 1 1 1 1 1 1 1 129 129 130 129 129 129 129 129 130 129 129 1 1 1 1 1 129 129 129 129 129 129 129 129 129 129 129 129 129 130 129 129 129 129 129 129 129 129 129 129 130 129 129 129 129 129 129 129 129 1 1 1 1 0 1 2 3 1 3 1 2 2 0 0 1 1 0 0 1
0 1 2 3 0 1 2 3 0 1 2 0 1 2 3 1 2 2 129 129 129 129 129 129 129 129 129 129 129 161 162 129 129 129 129 129 129 129 129 129 129 129 129 129 129 129 130 129 129 129 129 129 129 129 129 129 129 129 129 129 129 129 129 129 129 130 129 129 129 129 129 129 129 129 129 129 129 129 129 129 129 129 129 129 129 129 129 129 129 129 129 130 129 129 129 129 129 129 129 129 129 129 129 129 129 129 129 129 1 1 1 1 0 1 2 3 0 2 1 1 3 1 0 3 0 2 1 2
0 1 2 3 0 1 2 3 0 1 2 0 1 2 3 1 1 1 129 129 129 1 1 1 1 1 129 129 129 193 194 129 129 129 129 129 1 1 1 129 129 129 129 129 129 129 129 129 129 129 129 129 129 130 129 129 129 129 129 129 129 129 129 130 129 129 129 129 129 129 129 129 129 129 129 129 130 129 129 129 161 162 129 129 129 129 129 129 129 129 129 129 129 129 129 129 130 129 129 129 129 129 129 129 130 129 129 129 1 1 1 1 0 1 2 3 2 1 1 1 3 0 3 1 1 0 3 2
0 1 2 3 0 1 2 3 0 1 2 0 1 2 3 0 0 1 129 129 129 1 1 1 1 1 129 129 129 129 129 129 129 130 129 129 1 1 1 129 129 129 129 129 161 162 129 129 129 129 129 129 129 129 130 129 129 129 129 129 129 129 129 129 129 129 129 129 129 129 129 129 130 129 129 129 129 129 129 129 193 194 129 129 129 129 129 129 129 129 129 129 129 129 129 129 129 129 129 130 129 129 129 129 129 129 129 129 1 1 1 1 0 1 2 3 3 2 3 3 3 0 2 1 3 3 2 0
0 1 2 3 0 1 2 3 0 1 2 0 1 2 3 1 1 2 129 129 129 1 1 1 1 1 129 129 129 129 129 129 129 129 129 129 1 1 1 129 129 129 129 129 193 194 129 130 129 129 129 1 1 1 1 1 1 1 1 129 129 161 162 129 129 129 129 129 129 129 1 1 1 1 1 129 129 129 129 129 129 129 129 130 129 129 129 129 129 129 129 129 129 129 129 129 129 129 129 129 129 129 129 129 129 129 129 129 1 1 1 1 0 1 2 3 3 2 3 3 0 3 1 1 3 0 3 0
0 1 2 3 0 1 2 3 0 1 2 0 1 2 3 1 1 2 129 129 129 1 1 1 1 1 1 1 1 1 1 1 1 1 1 1 1 1 1 129 129 130 129 129 129 129 129 129 129 129 129 1 1 1 1 1 1 1 1 129 129 193 194 129 129 129 129 130 129 129 1 1 1 1 1 129 129 129 129 129 129 129 129 129 129 129 129 129 129 129 129 129 129 129 129 129 129 129 129 129 129 129 129 129 129 129 129 129 1 1 1 1 0 1 2 3 1 2 1 1 3 1 0 1 2 2 2 3
0 1 2 3 0 1 2 3 0 1 2 0 1 2 3 2 0 0 129 130 129 1 1 1 1 1 1 1 1 1 1 1 1 1 1 1 1 1 1 129 129 129 129 129 129 129 129 129 129 129 129 1 1 1 1 1 1 1 1 129 129 129 129 129 129 129 129 129 129 129 1 1 1 1 1 129 129 129 129 129 129 129 129 129 129 129 129 129 129 129 129 129 129 129 129 129 129 161 162 129 129 129 129 129 129 129 130 129 1 1 1 1 0 1 2 3 0 0 0 2 2 3 1 1 3 2 3 1
0 1 2 3 0 1 2 3 0 1 2 0 1 2 3 0 1 1 129 129 129 1 1 1 1 1 1 1 1 1 1 1 1 1 1 1 1 1 1 129 129 129 129 130 129 129 129 129 129 129 129 1 1 1 1 1 1 1 1 1 1 1 1 1 1 1 1 1 1 1 1 1 1 1 1 129 129 129 129 130 129 129 129 129 129 129 129 129 130 129 129 129 129 129 129 129 129 193 194 129 129 129 129 129 129 129 129 129 1 1 1 1 0 1 2 3 2 2 0 0 1 3 2 3 3 1 0 3
0 1 2 3 0 1 2 3 0 1 2 0 1 2 3 0 0 2 129 129 129 1 1 1 1 1 1 129 129 129 129 129 129 129 129 129 129 129 1 129 129 129 129 129 129 130 129 129 129 129 129 1 1 1 1 1 1 1 1 1 1 1 1 1 1 1 1 1 1 1 1 1 1 1 1 129 129 129 129 129 129 129 129 129 129 129 129 129 129 129 129 129 129 129 129 129 129 129 129 129 129 129 129 130 129 129 129 129 1 1 1 1 0 1 2 3 0 1 2 0 2 1 2 3 3 2 3 1
0 1 2 3 0 1 2 3 0 1 2 0 1 2 3 1 0 2 129 161 162 1 1 1 1 1 1 129 129 129 129 129 129 129 129 129 129 129 1 129 129 129 129 129 129 129 129 130 129 129 129 1 1 1 1 1 1 1 1 1 1 1 1 1 1 1 1 1 1 1 1 1 1 1 1 129 129 129 129 129 129 129 129 129 129 129 129 129 129 129 129 129 129 129 129 129 129 129 129 129 129 129 129 129 129 129 129 129 1 1 1 1 0 1 2 3 2 1 3 1 2 0 3 2 3 0 0 2
0 1 2 3 0 1 2 3 0 1 2 0 1 2 3 2 1 2 129 193 194 1 1 1 1 1 1 129 129 129 129 129 129 129 129 129 130 129 1 129 129 129 129 129 129 129 129 129 129 129 129 1 1 1 1 1 1 1 1 1 1 1 1 1 1 1 1 1 1 1 1 1 1 1 1 1 1 1 1 1 1 1 1 1 1 1 1 1 1 1 1 1 1 1 1 1 1 1 1 1 1 1 1 1 1 1 1 1 1 1 1 1 0 1 2 3 3 1 0 3 1 3 3 0 2 2 3 3
0 1 2 3 0 1 2 3 0 1 2 0 1 2 3 1 2 1 129 129 129 129 129 129 130 129 129 129 129 129 130 130 129 129 129 129 129 129 1 129 129 161 162 129 129 129 129 129 129 129 129 1 1 1 1 1 1 1 1 1 1 1 1 1 1 1 1 1 1 1 1 1 1 1 1 1 1 1 1 1 1 1 1 1 1 1 1 1 1 1 1 1 1 1 1 1 1 1 1 1 1 1 1 1 1 1 1 1 1 1 1 1 0 1 2 3 3 1 0 2 0 1 3 1 3 0 2 3
0 1 2 3 0 1 2 3 0 1 2 0 1 2 3 1 1 1 129 129 129 130 129 129 129 129 129 129 129 129 161 162 129 129 129 129 129 129 1 129 129 193 194 129 129 129 129 129 129 129 129 1 1 1 1 1 1 1 1 1 1 1 1 1 1 1 1 1 1 1 1 1 1 1 1 1 1 1 1 1 1 1 1 1 1 1 1 1 1 1 1 1 1 1 1 1 1 1 1 1 1 1 1 1 1 1 1 1 1 1 1 1 0 1 2 3 0 0 2 3 0 1 2 3 0 2 0 1
0 1 2 3 0 1 2 3 0 1 2 0 1 2 3 2 1 2 129 129 129 129 129 129 129 129 129 129 129 129 193 194 129 129 130 129 129 129 1 129 129 129 129 129 129 129 129 130 129 129 129 1 1 1 1 1 1 1 1 1 1 1 1 1 1 1 1 1 1 1 1 1 1 1 1 1 1 1 1 1 1 1 1 1 1 1 1 1 1 1 1 1 1 1 1 1 1 1 1 1 1 1 1 1 1 1 1 1 1 1 1 1 0 1 2 3 0 1 1 3 0 2 2 3 0 0 3 3
0 1 2 3 0 1 2 3 0 1 2 0 1 2 3 2 0 1 1 1 1 1 1 1 1 1 1 129 129 129 129 129 129 129 129 129 129 129 1 129 129 129 129 129 129 129 129 129 129 129 129 1 1 1 1 1 1 1 1 1 1 1 1 1 1 1 1 1 1 1 1 1 1 1 1 1 1 1 1 1 1 1 1 1 1 1 1 1 1 1 1 1 1 1 1 1 1 1 1 1 1 1 1 1 1 1 1 1 1 1 1 1 0 1 2 3 0 0 0 3 1 2 0 0 3 0 2 0
0 1 2 3 0 1 2 3 0 1 2 0 1 2 3 2 2 2 0 1 1 1 1 1 1 1 1 129 129 129 129 129 129 129 129 129 129 129 1 1 1 1 1 1 1 1 1 1 1 1 1 1 1 1 1 1 129 129 129 129 129 129 1 1 1 1 1 1 1 1 1 1 1 1 1 1 1 1 1 1 1 1 1 1 1 1 1 1 1 1 1 1 1 1 1 1 1 1 1 1 1 1 1 1 1 1 1 1 1 1 1 1 0 1 2 3 3 3 1 1 0 3 0 2 0 3 2 1
0 1 2 3 0 1 2 3 0 1 2 0 1 2 3 2 1 2 1 1 1 1 1 1 1 1 1 129 129 129 129 129 129 129 129 129 129 129 1 1 1 1 1 1 1 1 1 1 1 1 1 1 1 1 1 1 129 129 129 129 129 129 1 1 1 1 1 1 1 1 1 1 1 1 1 1 1 1 1 1 1 1 1 1 1 1 1 1 1 1 1 1 1 1 1 1 1 1 1 1 1 1 1 1 1 1 1 1 1 1 1 1 0 1 2 3 3 3 3 1 3 1 1 0 3 2 0 1
0 1 2 3 0 1 2 3 0 1 2 0 1 2 3 2 1 1 0 1 1 1 1 1 1 1 1 1 1 1 129 129 129 1 1 1 1 1 1 1 1 1 1 1 1 1 1 1 1 1 1 1 1 1 1 1 129 130 129 129 129 129 1 1 1 1 1 1 1 1 1 1 1 1 1 1 1 1 1 1 1 1 1 1 1 1 1 1 1 1 1 1 1 1 1 1 1 1 1 1 1 1 1 1 1 1 1 1 1 1 1 1 0 1 2 3 2 3 3 3 0 2 2 1 3 3 2 2
0 1 2 3 0 1 2 3 0 1 2 0 1 2 3 2 0 2 0 1 1 1 1 1 1 1 1 1 1 1 129 129 130 1 1 1 1 1 1 1 1 1 1 1 1 1 1 1 1 1 1 1 1 1 1 1 129 129 129 129 129 129 1 1 1 1 1 1 1 1 1 1 1 1 1 1 1 1 1 1 1 1 1 1 1 1 1 1 1 1 1 1 1 1 1 1 1 1 1 1 1 1 1 1 1 1 1 1 1 1 1 1 0 1 2 3 1 1 0 3 3 2 0 1 0 3 1 1
0 1 2 3 0 1 2 3 0 1 2 0 1 2 3 2 2 2 0 1 1 1 1 1 1 1 1 1 1 1 129 130 130 1 1 1 1 1 1 129 129 129 129 129 129 129 129 129 129 129 129 129 129 1 1 1 129 129 129 129 129 129 1 1 1 1 1 1 1 1 1 1 1 1 1 1 1 1 1 1 1 1 1 1 1 1 1 1 1 1 1 1 1 1 1 1 1 1 1 1 1 1 1 1 1 1 1 1 1 1 1 1 0 1 2 3 0 0 0 3 3 3 0 3 0 2 1 0
0 1 2 3 0 1 2 3 0 1 2 0 1 2 3 2 1 0 2 1 1 1 1 1 1 1 1 1 1 1 129 129 129 1 1 1 1 1 1 129 129 129 129 129 129 129 130 129 129 129 129 129 129 1 1 1 129 129 129 130 129 129 1 1 1 1 1 1 1 1 1 1 1 1 1 1 1 1 1 1 1 1 1 1 1 1 1 1 1 1 1 1 1 1 1 1 1 1 1 1 1 1 1 1 1 1 1 1 1 1 1 1 0 1 2 3 1 0 0 3 2 3 0 3 1 2 1 3
0 1 2 3 0 1 2 3 0 1 2 0 1 2 3 2 2 2 0 1 1 1 1 1 1 1 1 129 129 129 129 129 129 129 129 129 129 129 129 129 129 130 129 129 129 129 129 129 129 129 130 130 129 1 1 1 129 129 129 129 129 129 1 1 1 1 1 129 129 129 129 129 129 1 1 1 1 1 1 1 1 1 1 1 1 1 1 1 1 1 1 1 1 1 1 1 1 1 1 1 1 1 1 1 1 1 1 1 1 1 1 1 0 1 2 3 3 1 2 3 0 3 1 2 3 0 1 1
0 1 2 3 0 1 2 3 0 1 2 0 1 2 3 2 2 1 2 1 1 1 1 1 1 1 1 129 129 129 129 129 130 129 129 129 129 129 129 129 129 130 129 129 130 129 129 129 129 129 130 129 129 129 129 129 129 129 129 129 129 129 1 1 1 1 1 129 129 129 129 130 129 1 1 1 1 1 1 1 1 1 1 1 1 1 1 1 1 1 1 1 1 1 1 1 1 1 1 1 1 1 1 1 1 1 1 1 1 1 1 1 0 1 2 3 1 0 3 2 2 0 3 3 3 2 2 0
0 1 2 3 0 1 2 3 0 1 2 0 1 2 3 0 0 0 0 1 1 1 1 1 1 1 1 129 129 129 129 129 129 129 129 129 130 129 129 129 129 129 129 129 129 129 129 129 129 129 129 129 129 129 129 129 130 129 129 129 129 129 1 1 1 1 1 129 130 129 129 129 129 1 1 1 1 1 1 1 1 1 1 1 1 1 1 1 1 1 1 1 1 1 1 1 1 1 1 1 1 1 1 1 1 1 1 1 1 1 1 1 0 1 2 3 2 3 3 3 0 1 0 1 1 2 2 2
0 1 2 3 0 1 2 3 0 1 2 0 1 2 3 0 1 1 0 1 1 1 1 1 1 1 1 129 129 130 129 129 129 129 129 129 129 129 129 129 129 129 130 129 129 129 129 129 129 129 129 129 129 129 129 129 129 129 129 129 129 129 1 1 1 1 1 129 129 129 129 129 129 1 1 1 1 1 1 1 1 1 1 1 1 1 1 1 1 1 1 1 1 1 1 1 1 1 1 1 1 1 1 1 1 1 1 1 1 1 1 1 0 1 2 3 3 3 1 3 1 0 2 1 1 1 3 0
0 1 2 3 0 1 2 3 0 1 2 0 1 2 3 1 0 2 129 129 129 129 129 129 1 1 1 129 129 129 129 129 130 129 129 1 1 1 1 129 129 129 129 129 129 130 129 129 129 129 130 129 129 1 1 1 129 129 129 129 129 129 1 1 1 1 1 129 129 129 129 129 129 1 1 1 1 1 1 1 1 1 1 1 1 1 1 1 1 1 1 1 1 1 1 1 1 1 1 1 1 1 1 1 1 1 1 1 1 1 1 1 0 1 2 3 1 3 3 1 2 0 0 1 2 2 3 1
0 1 2 3 0 1 2 3 0 1 2 0 1 2 3 2 0 0 129 129 129 129 129 129 1 1 1 129 129 129 129 129 129 129 129 1 1 1 1 129 129 129 129 129 129 129 129 129 129 129 129 129 129 1 1 1 129 129 130 129 129 129 1 1 1 1 1 129 129 130 129 129 129 1 1 1 1 1 1 1 1 1 1 1 1 1 1 1 1 1 1 1 1 1 1 1 1 1 1 1 1 1 1 1 1 1 1 1 1 1 1 1 0 1 2 3 1 2 1 3 1 1 1 0 2 3 1 0
0 1 2 3 0 1 2 3 0 1 2 0 1 2 3 2 0 2 129 129 129 130 129 129 129 129 129 129 129 129 129 130 129 129 129 1 1 1 1 129 129 129 129 129 129 129 129 129 129 129 129 129 129 1 1 1 129 129 129 129 129 129 129 129 129 129 129 129 129 129 129 129 129 1 1 1 1 1 1 1 1 1 1 1 1 1 1 1 1 1 1 1 1 1 1 1 1 1 1 1 1 1 1 1 1 1 1 1 1 1 1 1 0 1 2 3 0 0 2 0 0 0 2 3 0 3 2 2
0 1 2 3 0 1 2 3 0 1 2 0 1 2 3 1 0 1 129 129 129 129 129 129 129 129 129 130 129 129 130 129 129 129 129 1 1 1 1 1 1 1 1 1 1 129 130 129 1 1 1 1 1 1 1 1 129 129 129 129 129 129 130 129 129 129 129 129 129 129 129 129 129 1 1 1 1 1 1 1 1 1 1 1 1 1 1 121 122 122 122 122 122 122 122 122 122 122 122 122 128 1 1 1 1 1 1 1 1 1 1 1 0 1 2 3 3 1 0 2 3 2 0 3 3 0 0 1
0 1 2 3 0 1 2 3 0 1 2 0 1 2 3 2 2 1 129 130 129 129 129 129 129 129 129 129 129 129 129 129 129 129 129 129 129 129 129 1 1 1 1 1 1 129 129 130 1 1 1 1 1 1 1 1 129 129 130 129 129 129 129 129 129 129 129 129 129 129 129 129 130 1 1 1 1 1 1 1 1 1 1 1 121 122 122 142 31 144 55 33 144 144 144 144 144 30 149 149 141 122 122 128 1 1 1 1 1 1 1 1 0 1 2 3 2 0 0 0 3 3 2 0 2 1 1 1
0 1 2 3 0 1 2 3 0 1 2 0 1 2 3 3 2 1 129 129 129 129 130 129 1 1 1 129 129 130 129 129 129 129 129 129 130 129 129 1 1 1 1 1 1 129 129 129 1 1 1 1 1 1 1 1 129 129 129 129 129 129 1 1 1 1 1 129 129 130 129 129 129 1 1 1 1 1 1 1 1 1 121 122 142 30 54 52 144 144 30 226 144 144 144 144 144 144 149 251 54 54 32 146 122 122 128 1 1 1 1 1 0 1 2 3 2 2 3 3 3 1 2 0 2 1 1 2
0 1 2 3 0 1 2 3 0 1 2 0 1 2 3 3 0 2 129 129 129 129 129 129 1 1 1 129 129 129 129 129 129 130 129 129 129 129 129 1 1 1 1 1 1 129 129 129 1 1 1 1 1 1 1 1 129 129 129 129 129 129 1 1 1 1 1 129 129 129 129 129 129 1 1 1 1 1 1 1 1 121 142 55 32 149 149 251 144 144 144 248 144 144 144 144 55 53 32 54 149 149 149 52 55 53 151 128 1 1 1 1 0 1 2 3 3 3 0 3 0 2 2 2 2 0 3 3
0 1 2 3 0 1 2 3 0 1 2 0 1 2 3 3 0 2 1 1 1 1 1 1 1 1 1 1 1 1 1 1 1 1 1 1 1 1 1 1 1 1 1 1 1 129 130 129 1 1 1 1 1 1 1 1 1 1 1 1 1 1 1 1 1 1 1 129 129 129 129 129 129 1 1 1 1 1 1 1 121 142 31 52 144 149 149 32 54 249 31 30 33 144 144 144 144 144 144 144 249 31 149 149 149 149 149 140 1 1 1 1 0 1 2 3 0 2 1 3 2 2 2 1 0 0 2 2
0 1 2 3 0 1 2 3 0 1 2 0 1 2 3 3 2 0 0 1 1 1 1 1 1 1 1 1 1 1 1 1 1 1 1 1 1 1 1 1 1 1 1 1 1 129 129 129 1 1 1 1 1 1 1 1 1 1 1 1 1 1 1 1 1 1 1 129 130 129 129 130 129 1 1 1 1 1 1 121 142 33 54 33 144 149 53 144 144 144 144 144 32 33 32 55 32 54 55 144 144 32 144 54 144 144 144 140 1 1 1 1 0 1 2 3 1 3 1 2 3 2 1 2 0 1 0 2
0 1 2 3 0 1 2 3 0 1 2 0 1 2 3 3 2 0 1 1 1 1 1 1 1 1 1 1 1 1 1 1 1 1 1 1 1 1 1 1 1 1 1 1 1 129 129 129 1 1 1 1 1 1 1 1 1 1 1 1 1 1 1 1 1 1 1 129 129 129 129 129 129 1 1 1 1 1 121 142 54 30 222 32 144 144 144 144 144 144 53 144 144 144 144 144 226 144 144 144 144 144 144 32 55 144 144 140 1 1 1 1 0 1 2 3 3 1 2 0 3 2 0 2 1 3 2 2
0 1 2 3 0 1 2 3 0 1 2 0 1 2 3 0 0 0 0 1 1 1 1 1 1 1 1 1 1 1 1 1 1 1 1 1 1 1 1 1 1 1 1 1 1 129 130 129 1 1 1 1 1 1 1 1 1 1 1 1 1 1 1 1 1 1 1 129 129 129 129 129 129 1 1 1 1 1 138 149 149 33 244 55 144 144 144 316 144 30 226 54 144 144 249 30 248 144 144 316 144 144 249 30 226 144 144 140 1 1 1 1 0 1 2 3 0 2 0 2 2 3 0 0 1 1 0 0
0 1 2 3 0 1 2 3 0 1 2 0 1 2 3 0 0 0 0 1 1 1 1 1 1 1 1 1 1 1 1 1 1 1 1 1 1 1 1 1 1 1 1 1 1 129 129 129 1 1 1 1 1 1 1 1 1 1 1 1 1 1 1 1 1 1 1 1 1 1 1 1 1 1 1 1 1 121 147 55 55 249 55 54 144 33 31 144 55 53 248 144 144 32 144 144 54 144 144 144 144 144 144 55 248 144 144 151 128 1 1 1 1 1 2 3 3 0 2 3 2 0 1 1 1 1 0 3
0 1 2 3 0 1 2 3 0 1 2 0 1 2 3 0 0 0 116 112 112 112 112 112 112 112 112 112 112 112 112 112 112 112 112 118 1 1 1 1 1 1 1 1 1 129 129 129 1 1 1 1 1 1 1 1 1 1 1 1 1 1 1 1 1 1 1 1 1 1 1 1 1 1 1 1 1 138 149 144 30 54 33 53 144 226 32 144 144 55 52 144 54 32 54 144 149 144 144 144 226 149 144 55 32 144 144 144 140 1 1 1 0 1 2 3 3 3 0 2 2 1 0 3 1 0 1 1
0 1 2 3 0 1 2 3 0 1 2 0 1 2 3 0 116 117 137 32 33 139 139 139 139 139 139 139 139 139 139 55 139 139 139 141 112 112 112 112 112 112 113 1 1 129 129 129 1 1 1 1 1 1 1 1 1 1 1 1 1 1 1 1 1 1 1 1 1 1 1 1 1 1 1 1 121 147 149 149 144 30 252 31 144 248 33 53 144 144 144 144 55 266 267 149 149 144 144 30 248 149 149 149 252 144 32 144 140 1 1 1 0 1 2 3 2 1 0 0 2 1 3 2 1 0 3 3
0 1 2 3 0 1 2 3 0 1 2 0 1 2 3 116 137 32 32 139 144 139 144 144 144 144 144 144 144 144 139 139 139 32 33 33 69 69 33 55 52 32 136 112 112 144 144 144 112 118 1 1 1 1 1 1 1 1 1 1 1 1 1 1 1 1 1 1 1 1 1 1 1 1 1 1 138 149 55 149 144 144 30 33 144 32 144 144 144 144 144 144 77 288 289 52 30 144 144 54 31 149 149 149 221 144 144 54 140 1 1 1 0 1 2 3 3 3 1 1 0 0 3 3 0 2 2 0
0 1 2 3 0 1 2 3 0 1 2 0 1 2 116 137 139 33 221 139 144 144 144 144 144 144 144 144 144 144 139 139 139 139 139 139 139 139 139 139 144 139 139 139 52 144 144 144 32 136 117 112 112 112 112 112 112 112 112 112 118 1 1 1 1 1 1 1 1 1 1 1 1 1 1 121 147 55 55 226 33 144 53 55 144 144 144 144 144 144 144 144 144 144 144 144 144 144 144 249 144 149 144 149 243 55 33 32 140 1 1 1 0 1 2 3 1 2 3 0 1 0 0 1 2 2 1 2
0 1 2 3 0 1 2 3 0 1 2 0 1 2 133 32 139 32 243 139 144 139 144 144 144 144 144 32 144 144 144 139 139 144 69 144 144 139 139 139 32 144 144 144 144 144 144 144 144 144 144 31 33 144 144 139 139 139 139 139 136 118 1 1 1 1 1 1 1 1 1 1 1 1 1 138 55 53 54 248 54 144 32 226 53 55 144 149 144 144 144 31 144 144 144 144 55 144 144 144 144 144 144 144 144 32 55 55 151 128 1 1 0 1 2 3 0 0 3 0 2 0 0 2 3 0 0 0
0 1 2 3 0 1 2 3 0 1 2 0 1 2 138 33 139 32 139 139 139 139 144 144 144 54 139 54 55 139 144 144 144 144 33 54 30 144 33 139 221 139 54 144 144 33 144 144 144 32 144 144 144 144 144 139 55 33 54 139 139 135 1 1 1 1 1 1 1 1 1 1 1 1 1 138 31 252 33 144 316 144 32 248 31 144 144 226 149 149 54 252 54 144 144 144 226 144 144 144 222 33 144 144 144 226 54 316 53 140 1 1 0 1 2 3 3 1 3 2 1 0 2 1 1 1 1 3
0 1 2 3 0 1 2 3 0 1 2 0 1 116 137 32 139 32 139 139 139 139 144 144 144 144 139 268 52 139 144 144 144 144 139 139 221 144 54 139 243 139 139 139 139 144 55 144 55 144 144 32 55 30 144 144 144 33 144 139 139 135 1 1 1 1 1 1 1 1 1 1 1 1 121 142 53 144 144 144 144 144 144 144 144 144 33 248 149 149 149 55 33 53 144 30 248 144 144 144 244 55 53 144 54 248 55 55 55 140 1 1 0 1 2 3 0 1 1 3 2 0 2 1 2 2 1 3
0 1 2 3 0 1 2 3 0 1 2 0 1 133 55 33 139 139 139 139 144 144 144 144 144 139 144 144 144 144 144 144 144 144 139 139 243 144 144 55 32 33 139 139 139 139 144 144 30 144 223 144 144 144 144 144 144 144 144 139 139 136 118 1 1 1 1 1 1 1 1 1 1 1 138 55 144 144 249 144 144 144 144 144 144 144 54 32 144 149 55 32 33 383 144 144 144 144 249 33 53 144 226 144 144 30 54 33 33 140 1 1 0 1 2 3 3 0 3 1 0 1 1 0 1 3 2 1
0 1 2 3 0 1 2 3 0 1 2 0 1 133 55 139 139 139 139 139 139 32 144 139 139 139 139 139 32 139 144 144 33 144 144 139 32 30 144 32 144 144 139 52 139 139 139 30 54 144 245 144 139 144 144 144 52 144 144 144 144 139 135 1 1 1 1 1 1 1 1 1 1 1 138 144 144 144 144 144 144 144 144 33 33 144 144 249 144 55 222 55 52 144 55 144 144 144 144 32 226 55 248 144 249 55 53 252 30 140 1 1 0 1 2 3 2 1 3 0 1 2 0 3 3 0 0 2
0 1 2 3 0 1 2 3 0 1 2 0 116 142 55 139 139 139 139 139 139 55 144 139 30 139 139 144 144 144 144 144 144 144 144 144 144 55 144 144 144 139 139 139 139 144 144 144 144 144 144 54 144 144 139 69 139 139 144 32 144 139 135 1 1 1 1 1 1 1 1 1 1 1 138 144 144 30 226 33 33 54 144 54 226 32 144 144 144 55 244 32 144 144 144 144 30 32 144 54 248 30 144 144 144 52 54 32 54 140 1 1 0 1 2 3 1 1 1 0 3 2 3 1 0 2 3 0
0 1 2 3 0 1 2 3 0 1 2 0 133 55 139 139 139 33 139 139 221 32 144 144 381 32 54 144 139 139 139 139 139 31 248 144 144 144 144 144 144 30 144 268 139 139 144 54 144 144 54 144 144 144 139 381 139 139 144 55 144 139 135 1 1 1 1 1 1 1 1 1 1 1 138 144 144 54 248 33 55 252 144 144 248 144 144 144 144 144 52 144 144 33 144 30 226 144 144 33 144 144 144 144 144 144 144 144 30 140 1 1 0 1 2 3 0 2 1 0 2 1 0 0 3 0 1 1
0 1 2 3 0 1 2 3 0 1 2 0 133 139 139 144 144 144 32 139 243 139 139 139 55 32 33 144 144 54 144 144 144 144 144 55 144 144 144 55 144 32 144 55 54 139 144 55 144 144 144 144 144 144 144 33 139 30 248 30 144 55 135 1 1 1 1 1 1 1 1 1 1 1 138 30 144 55 149 149 33 52 32 144 144 144 144 144 144 144 144 144 31 226 54 33 248 144 144 55 144 144 144 144 144 144 144 144 144 140 1 1 0 1 2 3 0 2 3 2 3 0 0 0 0 3 0 1
0 1 2 3 0 1 2 3 0 1 2 0 133 139 139 139 139 139 139 32 32 139 32 139 139 33 144 144 223 144 144 144 144 144 144 144 32 54 33 144 144 144 144 52 144 144 144 144 144 144 144 144 144 144 144 144 144 144 144 144 144 54 136 118 1 1 1 1 1 1 1 1 1 1 160 125 144 144 144 144 144 32 144 144 144 316 144 54 144 144 144 32 32 248 32 54 32 144 144 53 221 144 144 52 144 226 144 144 144 140 1 1 0 1 2 3 0 2 2 2 0 1 1 0 1 0 0 2
0 1 2 3 0 1 2 3 0 1 2 0 133 139 139 139 139 144 139 139 139 139 144 144 55 144 144 144 245 144 144 32 139 144 144 144 30 144 144 144 144 144 144 144 144 53 144 144 144 144 144 144 144 144 144 144 144 144 144 144 144 139 33 135 1 1 1 1 1 1 1 1 1 1 1 160 125 31 55 144 249 144 144 144 144 33 226 32 144 144 144 252 33 144 144 144 144 144 144 54 243 52 144 144 144 248 144 144 144 140 1 1 0 1 2 3 2 3 0 3 0 2 2 0 0 0 2 3
0 1 2 3 0 1 2 3 0 1 2 0 133 55 139 223 139 144 144 144 144 144 144 144 144 144 144 144 144 144 144 144 139 144 55 144 144 144 1 144 144 144 144 144 33 144 144 144 32 268 144 144 144 144 33 54 144 52 144 144 144 139 139 135 1 1 1 1 1 1 1 1 1 1 1 1 143 55 226 55 144 144 53 144 55 33 248 144 144 144 144 144 144 144 144 53 221 32 144 144 52 144 144 144 53 33 144 144 144 140 1 1 0 1 2 3 2 1 1 0 1 1 3 2 1 3 0 2
0 1 2 3 0 1 2 3 0 1 2 0 133 139 139 245 139 33 139 144 144 144 144 144 144 144 144 144 144 144 144 144 139 53 144 144 144 1 1 1 144 144 144 30 144 144 32 144 144 52 55 144 144 144 221 55 139 139 139 144 144 54 139 135 1 1 1 1 1 1 1 1 1 1 1 1 143 33 248 52 144 31 226 144 144 33 144 144 144 144 144 144 144 249 144 144 243 30 144 144 144 144 144 144 144 144 144 144 53 140 1 1 0 1 2 3 1 0 1 3 1 2 1 3 3 3 2 1
0 1 2 3 0 1 2 3 0 1 2 0 133 139 139 139 139 139 139 54 144 144 144 144 144 144 139 139 144 144 55 32 139 54 144 221 144 144 1 1 1 144 144 144 144 32 33 144 144 144 144 144 144 54 243 52 139 139 139 144 55 139 139 135 1 1 1 1 1 1 1 1 1 1 1 1 160 125 31 33 144 54 248 144 144 32 32 32 144 144 144 144 144 144 144 144 144 144 144 266 267 33 316 32 144 144 249 144 32 140 1 1 0 1 2 3 1 3 3 1 1 3 0 2 0 0 0 1
0 1 2 3 0 1 2 3 0 1 2 0 133 139 139 139 139 139 139 55 1 31 139 139 144 144 139 139 139 139 144 54 139 32 144 243 144 144 144 1 1 144 144 144 144 144 139 33 144 144 144 144 144 32 32 33 139 139 139 139 55 139 32 135 1 1 1 1 1 1 1 1 1 1 1 1 1 143 144 55 144 144 144 144 32 144 144 316 144 144 54 221 144 144 31 55 144 144 54 288 289 30 53 226 54 144 144 30 226 140 1 1 0 1 2 3 3 1 1 3 1 2 2 3 1 2 2 1
0 1 2 3 0 1 2 3 0 1 2 0 133 139 139 139 139 139 32 1 1 1 55 139 144 144 32 139 139 139 139 139 139 144 144 31 144 144 144 144 144 144 144 30 144 55 292 53 55 139 139 144 139 139 144 144 139 139 144 139 139 139 144 136 118 1 1 1 1 1 1 1 1 1 1 1 1 160 125 144 144 144 144 144 144 144 144 144 144 144 30 243 32 144 55 251 55 144 55 32 33 149 33 248 30 144 144 32 248 140 1 1 0 1 2 3 3 2 3 2 2 2 3 1 1 3 2 0
0 1 2 3 0 1 2 3 0 1 2 0 133 139 55 144 32 32 0 1 1 1 139 139 144 144 144 139 54 144 139 139 144 144 144 33 54 144 144 144 144 144 144 144 53 144 144 144 144 139 32 144 33 144 144 144 144 139 139 139 139 139 144 52 145 1 1 1 1 1 1 1 1 1 1 1 1 1 138 53 144 52 33 55 144 144 144 144 144 144 144 144 144 144 144 144 144 144 144 144 149 149 149 55 144 144 144 33 55 140 1 1 0 1 2 3 3 1 2 0 1 2 1 1 2 2 3 1
0 1 2 3 0 1 2 3 0 1 2 0 133 139 55 144 144 33 32 1 1 55 139 139 139 144 144 139 221 144 33 139 144 144 144 144 144 144 144 144 30 144 144 144 144 144 30 139 139 139 139 144 144 144 144 144 144 144 55 144 144 268 144 144 136 118 1 1 1 1 1 1 1 1 1 1 1 1 160 125 55 144 251 52 144 30 226 30 144 144 53 55 249 144 144 144 144 144 144 144 32 226 55 149 144 144 144 32 290 140 1 1 0 1 2 3 0 3 3 3 1 1 1 2 0 2 2 2
0 1 2 3 0 1 2 3 0 1 2 0 133 139 55 144 144 31 32 33 139 139 139 144 144 54 144 31 243 144 55 139 144 144 144 144 144 144 144 144 144 144 144 144 144 144 144 144 144 144 144 144 144 144 144 144 144 144 32 144 144 55 53 144 55 136 118 1 1 1 1 1 1 1 1 1 1 1 1 160 161 125 53 54 144 144 248 55 33 55 229 32 144 144 52 54 226 53 144 144 144 248 149 144 144 144 144 33 119 167 1 1 0 1 2 3 2 0 0 0 0 1 1 1 2 2 3 0
0 1 2 3 0 1 2 3 0 1 2 0 133 139 248 33 144 144 139 139 144 144 144 144 144 144 144 55 32 54 55 139 144 55 144 144 144 144 144 139 144 144 144 144 144 144 144 144 144 144 144 144 144 144 144 144 144 144 55 144 144 144 144 144 69 69 136 118 1 1 1 1 1 1 1 1 1 1 1 1 1 160 125 144 222 33 55 30 55 53 144 144 144 144 144 55 248 144 144 144 144 54 144 144 249 144 53 144 140 1 1 1 0 1 2 3 1 3 1 2 2 1 1 3 0 1 0 0
0 1 2 3 0 1 2 3 0 1 2 0 133 139 55 33 144 144 144 144 144 144 144 144 55 144 144 144 144 144 144 139 32 144 144 144 139 139 54 139 33 144 144 144 144 144 55 144 144 144 144 144 144 144 55 144 31 144 144 144 144 144 144 144 55 69 54 136 118 1 1 1 1 1 1 1 1 1 1 1 1 1 160 125 244 33 32 144 144 144 144 144 55 52 144 144 144 144 54 33 144 144 30 144 144 55 144 144 140 1 1 1 0 1 2 3 1 2 0 3 2 1 2 1 0 0 2 0
0 1 2 3 0 1 2 3 0 1 2 0 133 55 55 33 33 144 139 139 144 30 30 144 144 144 144 144 144 144 31 139 139 144 144 144 53 268 139 139 54 144 144 144 53 32 55 144 221 32 32 144 144 144 144 144 144 144 144 144 248 144 144 144 144 144 33 55 136 118 1 1 1 1 1 1 1 1 1 1 1 1 1 160 125 30 144 144 144 144 249 144 144 230 55 32 144 30 251 31 54 144 144 144 144 144 144 52 140 1 1 1 0 1 2 3 3 3 0 1 2 0 3 3 1 1 2 1
0 1 2 3 0 1 2 3 0 1 2 0 160 115 139 32 144 139 139 139 33 266 267 33 55 144 144 144 32 144 144 144 139 30 144 144 144 55 55 139 144 144 144 55 144 139 221 139 243 144 144 144 144 144 144 144 144 144 144 31 144 144 144 144 144 144 144 144 32 145 1 1 1 1 1 1 1 1 1 1 1 1 1 1 160 125 33 54 251 54 33 32 144 33 144 144 144 54 53 55 32 144 144 144 315 54 54 33 140 1 1 1 0 1 2 3 3 1 2 1 1 2 1 0 1 2 0 1
0 1 2 3 0 1 2 3 0 1 2 0 1 133 139 139 139 144 139 139 55 288 289 52 139 30 144 144 144 32 55 55 144 139 55 144 144 144 139 139 31 144 144 54 144 33 243 144 144 144 144 144 144 144 33 32 33 144 144 144 144 144 55 55 53 144 144 144 30 136 118 1 1 1 1 1 1 1 1 1 1 1 1 1 1 160 125 54 76 119 161 161 120 30 144 32 119 161 161 161 161 161 161 161 120 31 55 124 167 1 1 1 0 1 2 3 0 0 3 3 0 0 0 0 0 0 0 0
0 1 2 3 0 1 2 3 0 1 2 0 1 133 55 32 139 144 139 144 144 33 139 139 139 144 144 144 144 33 30 381 33 139 139 139 139 139 139 33 144 144 32 139 144 33 33 144 221 144 144 144 33 144 52 139 139 144 144 144 144 144 30 32 268 139 144 144 144 54 145 1 1 1 1 1 1 1 1 1 1 1 1 1 1 1 143 54 76 140 1 1 165 161 161 161 167 1 1 1 1 1 1 1 165 161 161 167 1 1 1 1 0 1 2 3 3 3 0 1 2 1 3 0 0 2 0 0
0 1 2 3 0 1 2 3 0 1 2 0 1 133 55 139 139 139 139 53 144 30 139 144 144 139 139 144 144 139 139 139 144 144 139 139 53 144 31 144 144 54 144 144 144 32 248 144 243 144 144 144 139 139 144 139 139 139 139 144 144 144 54 139 139 139 144 55 144 33 136 118 1 1 1 1 1 1 1 1 1 1 1 1 1 1 143 249 76 140 1 1 1 1 1 1 1 1 1 1 121 122 122 122 123 1 1 1 1 1 1 1 0 1 2 3 3 0 3 0 1 2 3 1 1 2 3 1
0 1 2 3 0 1 2 3 0 1 2 0 1 160 115 139 139 32 144 144 144 144 32 144 33 139 139 144 139 139 139 144 144 144 53 144 144 144 144 144 55 144 144 54 144 31 144 144 33 144 144 144 139 139 144 144 268 30 139 139 54 144 144 144 139 139 144 54 144 54 30 136 118 1 1 1 1 1 1 1 1 1 1 1 1 1 143 144 76 150 1 1 1 1 1 1 1 1 121 122 142 76 76 76 141 122 128 1 1 1 1 1 0 1 2 3 3 2 0 1 1 3 2 2 0 2 3 2
0 1 2 3 0 1 2 3 0 1 2 0 1 2 133 139 139 33 32 144 144 144 144 144 33 221 139 144 144 139 144 144 54 32 1 139 144 144 144 144 144 144 30 144 139 144 144 144 144 144 144 144 55 139 30 144 144 144 55 139 139 144 144 144 144 144 144 32 144 144 223 55 140 1 1 1 1 1 1 1 1 1 1 1 1 1 143 149 149 146 128 1 1 1 1 1 1 121 142 76 76 30 144 32 76 76 141 128 1 1 1 1 0 1 2 3 0 1 0 2 0 3 2 0 3 0 3 3
0 1 2 3 0 1 2 3 0 1 2 0 1 2 133 139 139 139 32 144 144 144 144 144 139 243 139 144 144 139 139 30 55 1 1 1 139 144 144 55 144 144 144 144 139 139 30 114 156 156 156 156 156 156 156 156 156 156 156 156 120 139 139 144 144 144 144 144 144 33 245 30 140 1 1 1 1 1 1 1 1 1 1 1 1 1 165 130 149 76 140 1 1 1 1 1 121 147 54 144 124 171 166 166 120 144 76 145 1 1 1 1 0 1 2 3 0 0 0 1 2 1 0 1 0 1 2 3
0 1 2 3 0 1 2 3 0 1 2 0 1 2 160 115 32 139 139 144 144 144 144 30 139 30 139 144 144 144 144 144 139 139 1 32 31 55 54 32 55 55 114 156 156 156 156 162 1 1 1 1 1 1 1 1 1 1 1 1 160 120 139 139 54 55 139 139 139 33 30 114 162 1 1 1 1 1 1 1 1 1 1 1 1 1 1 143 54 144 140 1 1 1 1 121 147 31 149 129 167 1 1 1 143 55 144 145 168 1 1 1 0 1 2 3 1 3 1 1 1 3 0 3 3 0 1 0
0 1 2 3 0 1 2 3 0 1 2 0 1 2 3 160 115 139 139 139 139 144 144 52 139 139 144 144 30 30 144 144 53 32 52 114 156 156 156 156 156 156 162 1 1 1 1 1 1 1 1 1 1 1 1 1 1 1 1 1 1 160 156 120 33 139 139 32 55 114 156 162 1 1 1 1 1 1 1 1 1 1 1 1 1 1 1 143 31 249 141 122 122 122 122 147 55 251 129 167 1 1 1 1 165 120 33 150 168 1 1 1 0 1 2 3 0 2 2 2 0 1 1 3 1 2 2 3
0 1 2 3 0 1 2 3 0 1 2 0 1 2 3 0 160 161 115 53 139 33 144 144 144 139 144 144 144 144 144 114 156 156 156 162 1 1 1 1 1 1 1 1 1 1 1 1 1 1 1 1 1 1 1 1 1 1 1 1 1 1 1 160 156 156 55 55 156 162 1 1 1 1 1 1 1 1 1 1 1 1 1 1 1 1 1 170 130 55 76 76 76 76 76 30 129 166 167 1 1 1 1 1 1 138 31 145 168 1 1 1 0 1 2 3 0 3 2 0 2 3 3 3 0 0 3 3
0 1 2 3 0 1 2 3 0 1 2 0 1 2 3 0 0 0 160 115 139 139 139 139 139 139 55 139 139 31 114 162 1 1 1 1 1 1 1 1 1 1 1 1 1 1 1 1 1 1 1 1 1 1 1 1 1 1 1 1 1 1 1 1 1 1 129 129 1 1 1 1 1 1 1 1 1 1 1 1 1 1 1 1 1 1 1 1 170 130 54 144 52 52 129 166 167 1 1 1 1 1 1 1 111 147 76 150 1 1 1 1 0 1 2 3 3 2 1 2 2 1 2 3 3 2 2 0
0 1 2 3 0 1 2 3 0 1 2 0 1 2 1 1 1 1 1 160 115 33 139 139 139 139 139 139 33 114 162 1 1 1 1 1 1 1 1 1 1 1 1 1 1 1 1 1 1 1 1 1 1 1 1 1 1 1 1 1 1 1 1 1 1 1 129 129 1 1 1 1 1 1 1 1 1 1 1 1 1 1 1 1 1 1 1 1 1 170 166 166 166 166 167 1 1 1 1 1 1 1 1 1 133 32 76 150 1 1 1 1 0 1 2 3 3 2 1 3 1 3 2 0 2 0 1 0
0 1 2 3 0 1 2 3 0 1 2 0 1 2 3 1 1 1 1 1 160 156 156 156 156 156 156 156 156 162 1 1 1 1 1 1 1 1 1 1 1 1 1 1 1 1 1 1 1 1 1 1 1 1 1 1 1 1 1 1 1 1 1 1 1 1 129 129 1 1 1 1 1 1 1 1 1 1 1 1 1 1 1 1 1 1 1 1 1 1 1 1 1 1 1 1 1 1 1 1 1 1 1 1 133 55 249 150 1 1 1 1 0 1 2 3 0 0 3 3 3 2 0 0 2 3 2 1
0 1 2 3 0 1 2 3 0 1 2 0 1 2 1 1 1 1 1 1 1 1 1 1 1 1 1 1 1 1 1 1 1 1 1 1 1 1 1 1 1 1 1 1 1 1 1 1 1 1 1 1 1 1 1 1 1 1 1 1 1 1 1 1 1 1 129 129 1 1 1 1 1 1 1 1 1 1 1 1 1 1 1 1 1 1 1 1 1 1 1 1 1 1 1 1 1 1 1 1 1 1 1 1 165 125 76 150 1 1 1 1 0 1 2 3 2 2 2 0 2 1 2 0 2 3 2 3
0 1 2 3 0 1 2 3 0 1 2 0 1 2 1 1 1 1 1 1 1 1 1 1 1 1 1 1 1 1 1 1 1 1 1 1 1 1 1 1 1 1 1 1 1 1 1 1 1 1 1 1 1 1 1 1 1 1 1 1 1 1 1 1 1 1 66 67 1 1 1 1 1 1 1 1 1 1 1 1 1 1 1 1 1 1 1 1 1 1 1 1 1 1 1 1 1 1 1 1 1 1 1 1 1 143 32 140 1 1 1 1 0 1 2 3 2 0 0 3 1 2 1 3 1 0 1 0
0 1 2 3 0 1 2 3 0 1 2 0 1 2 3 1 1 1 1 1 1 1 1 1 1 1 1 1 1 1 1 1 1 1 1 1 1 1 1 1 1 1 1 1 1 1 1 1 1 1 1 1 1 1 1 1 1 1 1 1 1 1 0 116 112 112 144 32 117 112 112 112 112 112 112 112 112 112 112 112 112 112 112 112 112 112 112 112 112 112 112 112 112 112 112 112 112 112 112 112 112 112 112 112 112 142 32 140 1 1 1 1 0 1 2 3 3 3 1 0 0 1 1 0 1 1 3 1
0 1 2 3 0 1 2 3 0 1 2 0 1 2 3 1 1 1 1 1 1 1 1 1 1 1 1 1 1 1 1 1 1 1 1 1 1 1 1 1 1 1 1 1 1 1 1 1 1 1 1 1 1 1 1 1 1 1 1 1 1 1 0 138 149 149 149 149 32 144 144 144 144 144 144 32 32 32 144 144 144 144 30 32 32 32 149 149 149 149 149 32 32 32 149 149 149 32 32 32 144 144 144 144 144 144 32 140 1 1 1 1 0 1 2 3 0 1 1 2 2 3 3 0 2 0 0 2
0 1 2 3 0 1 2 3 0 1 2 0 1 2 3 1 1 1 1 1 1 1 1 1 1 1 1 1 1 1 1 1 1 1 1 1 1 1 1 1 1 1 1 1 1 1 1 1 1 1 1 1 1 1 1 1 1 1 1 1 1 1 0 138 149 144 249 30 149 251 33 144 144 144 144 144 33 223 224 225 32 144 149 55 144 144 144 144 144 144 32 31 294 149 149 222 33 54 144 144 149 144 53 251 54 144 144 140 1 1 1 1 0 1 2 3 3 3 3 3 3 3 1 0 2 3 3 1
0 1 2 3 0 1 2 3 0 1 2 0 1 2 1 1 1 1 0 1 1 1 1 1 1 1 1 1 1 1 1 1 1 1 1 1 1 1 1 1 1 1 1 1 1 1 1 1 1 1 1 1 1 1 1 1 1 1 1 1 1 1 0 138 149 144 144 144 144 144 144 144 144 144 249 144 32 245 246 247 32 144 144 249 144 33 32 52 32 144 144 33 149 149 149 244 32 144 54 149 149 144 144 33 144 32 144 140 1 1 1 1 0 1 2 3 3 3 3 2 1 2 3 0 1 1 3 0
0 1 2 3 0 1 2 3 0 1 2 0 1 2 1 1 1 1 1 1 1 1 1 1 1 1 1 1 1 1 1 1 1 1 1 1 1 1 1 1 1 1 1 1 1 1 1 1 1 1 1 1 1 1 1 1 1 1 1 1 1 1 0 138 149 149 149 144 144 33 226 32 144 33 144 144 149 149 149 149 53 144 144 144 144 144 144 251 32 32 144 144 144 149 149 144 55 223 224 225 144 144 144 144 144 144 144 140 1 1 1 1 0 1 2 3 2 2 0 2 2 0 1 1 2 3 2 2
0 1 2 3 0 1 2 3 0 1 2 0 1 2 3 1 1 1 1 1 1 1 1 1 1 1 1 1 1 1 1 1 1 1 1 1 1 1 1 1 1 1 1 1 1 1 1 1 1 1 1 1 1 1 1 1 1 1 1 1 1 1 0 138 251 32 149 144 144 55 248 144 144 32 144 32 144 32 31 144 144 144 144 149 226 53 144 30 54 144 144 144 144 149 149 144 54 245 246 247 52 144 144 144 249 144 32 140 1 1 1 1 0 1 2 3 3 3 3 3 0 1 2 3 3 3 3 3
0 1 2 3 0 1 2 3 0 1 2 0 1 2 3 0 1 2 1 1 1 1 1 0 0 0 0 0 0 0 0 0 0 0 0 1 2 3 3 0 0 0 0 0 0 0 0 0 0 0 0 0 0 0 0 0 1 1 0 1 0 0 0 138 32 32 144 149 149 149 149 144 55 294 144 144 144 144 144 144 144 144 144 149 248 54 144 144 144 144 144 144 31 144 144 144 144 33 32 33 32 144 144 144 144 32 33 140 1 1 1 1 0 0 0 0 0 0 0 0 0 0 0 0 0 0 0 0
0 1 2 3 0 1 2 3 0 1 2 0 1 2 3 0 1 2 1 0 0 1 0 0 0 0 0 0 0 0 0 0 0 1 0 0 0 0 0 1 2 0 1 2 3 3 3 3 3 3 3 0 1 2 0 0 0 0 0 1 0 0 0 138 149 149 149 149 144 144 149 144 32 149 149 144 144 32 144 144 144 144 144 149 149 149 144 144 144 144 144 55 226 30 144 144 144 149 149 149 54 30 55 144 33 30 33 140 1 1 1 1 1 2 3 3 3 3 3 3 3 3 3 3 3 3 3 3
0 1 2 3 0 1 2 3 0 1 2 0 1 2 3 0 1 2 1 0 1 2 3 3 3 3 3 3 3 0 1 2 3 3 0 0 1 2 0 0 1 2 3 3 0 0 1 2 0 0 0 0 0 1 0 1 0 0 0 1 0 0 0 138 144 144 144 144 144 144 149 144 144 149 144 144 144 52 32 144 144 144 144 54 55 54 144 144 249 144 54 32 248 54 144 144 144 144 144 54 294 32 149 149 52 251 55 140 1 1 1 1 3 3 3 3 2 3 3 3 3 3 3 3 3 3 3 3
0 1 2 3 0 1 2 3 0 1 2 0 1 2 3 0 1 2 1 0 0 1 2 0 0 0 1 2 3 3 3 3 3 3 0 0 1 2 3 0 0 1 2 3 0 0 0 0 0 0 0 1 0 0 0 0 0 0 0 0 0 1 0 143 144 144 249 144 32 144 144 30 251 53 144 144 149 149 226 52 144 144 223 224 225 55 144 144 144 144 149 149 55 149 149 30 33 144 144 55 32 149 124 161 161 161 115 140 1 1 1 1 2 3 0 0 0 0 0 0 1 2 3 2 3 3 3 3
0 1 2 3 0 1 2 3 0 1 2 0 1 2 3 0 1 2 1 1 0 0 1 2 0 0 0 0 0 0 0 0 0 0 1 0 1 2 0 0 0 0 1 0 0 1 0 0 1 0 1 2 3 2 0 0 0 1 2 3 0 1 0 138 30 55 32 144 144 144 144 144 30 144 144 144 149 149 248 144 144 144 245 246 247 144 144 54 144 144 144 144 55 149 144 32 251 33 144 33 149 149 140 1 1 1 133 140 1 1 1 1 3 2 3 0 0 0 1 0 1 2 0 1 2 3 3 3
0 1 2 3 0 1 2 3 0 1 2 0 1 2 3 0 1 2 1 1 0 0 0 0 0 1 2 3 1 2 3 3 0 0 1 0 1 2 0 0 1 0 1 0 1 2 0 0 1 2 0 1 2 3 1 2 3 0 0 0 0 1 0 138 149 149 222 55 144 144 144 55 144 144 144 144 144 144 144 144 144 144 144 144 144 144 54 52 30 144 144 144 144 249 144 55 30 144 144 30 124 156 162 1 1 1 133 140 1 1 1 1 3 3 3 3 3 3 3 3 3 0 1 2 3 3 1 2
0 1 2 3 0 1 2 3 0 1 2 0 1 2 3 0 1 2 1 1 2 3 0 1 2 3 3 0 1 2 3 2 0 0 0 0 1 2 0 1 2 3 0 0 1 2 3 2 3 2 0 1 2 3 1 2 3 3 0 1 0 0 0 138 149 149 244 32 149 149 149 33 53 77 54 149 149 33 144 144 32 53 149 149 54 33 32 294 32 30 144 144 144 54 54 32 144 144 55 30 140 1 1 1 1 1 133 140 1 1 1 1 2 3 3 3 3 0 1 2 3 3 3 3 3 0 1 2
0 1 2 3 0 1 2 3 0 1 2 0 1 2 3 0 1 2 1 0 1 2 3 1 2 3 3 0 1 2 3 2 3 0 0 1 2 3 0 1 2 3 2 3 3 1 2 3 3 2 3 3 0 0 0 1 2 3 0 1 2 0 0 160 156 156 156 156 156 156 156 156 156 156 156 156 156 156 156 156 156 156 156 156 156 156 156 156 156 156 156 156 156 156 156 156 156 156 156 156 162 1 1 1 1 1 155 157 1 1 1 1 2 3 3 3 0 0 0 0 1 2 3 3 0 0 1 2
0 1 2 3 0 1 2 3 0 1 2 0 1 2 3 0 1 2 1 0 1 2 3 1 2 0 1 2 3 2 3 2 3 0 1 2 3 3 3 3 0 1 2 3 2 3 2 3 3 2 3 3 1 2 0 1 2 3 3 3 3 3 3 2 3 3 2 3 1 1 2 3 0 1 2 3 3 3 1 2 0 0 0 1 2 3 3 3 2 3 3 1 2 3 0 1 2 3 1 2 3 3 0 0 1 2 3 0 1 2 3 1 2 3 3 3 1 2 0 0 0 1 2 3 3 2 3 2
0 1 2 3 0 1 2 3 0 1 2 0 1 2 3 0 1 2 0 0 1 2 3 1 2 0 1 2 3 2 3 3 0 1 2 3 3 3 3 3 1 2 3 3 2 3 2 3 3 2 3 3 1 2 0 0 1 2 3 0 1 2 3 2 3 3 3 3 3 0 1 0 1 2 3 3 2 3 1 2 3 2 3 3 3 3 3 3 3 2 3 1 2 3 0 1 2 3 2 3 3 3 0 1 2 3 3 0 1 2 3 1 2 3 2 3 1 2 0 0 1 0 1 2 3 2 3 2
0 1 2 3 0 1 2 3 0 1 2 0 1 2 3 0 1 2 0 0 1 2 3 1 2 0 1 2 3 2 3 3 0 1 2 3 3 3 3 3 1 2 3 1 2 3 2 3 3 2 3 3 2 3 0 0 1 2 3 2 3 1 0 1 2 3 3 2 3 0 0 0 1 2 3 1 2 3 3 3 0 1 2 3 3 2 3 2 3 2 3 1 2 3 3 3 0 1 2 3 2 3 3 1 2 3 2 0 1 2 3 2 3 2 3 3 1 0 0 1 2 0 1 2 3 3 3 2
0 1 2 3 0 1 2 3 0 1 2 0 1 2 3 0 1 2 0 1 2 3 3 1 2 0 1 2 3 2 3 3 0 1 2 3 3 3 3 3 2 3 3 2 3 1 2 3 3 2 3 3 2 3 0 0 1 2 3 1 0 1 0 1 2 3 3 2 3 0 0 1 2 3 3 1 2 3 3 3 0 1 2 3 2 3 3 2 3 2 3 3 3 3 3 3 0 1 2 3 2 3 3 1 2 3 2 0 1 2 3 2 3 2 3 3 1 0 1 2 3 0 0 1 2 3 3 2
0 1 2 3 0 1 2 3 0 1 2 0 1 2 3 0 1 2 0 1 2 3 3 1 2 0 1 2 3 2 3 0 1 2 3 3 2 3 3 3 2 3 1 2 3 1 2 3 3 2 3 3 2 3 3 0 1 2 3 0 0 0 1 2 3 3 3 2 3 0 0 1 2 3 0 0 1 2 3 3 0 1 2 3 2 3 3 2 3 3 3 3 3 2 3 3 0 1 2 3 2 3 3 1 2 3 2 0 1 2 3 3 3 2 3 3 0 0 1 2 3 0 0 0 1 2 3 2
0 1 2 3 0 1 2 3 0 1 2 0 1 2 3 0 1 0 1 2 3 3 3 1 2 0 1 2 3 2 3 0 1 2 3 3 2 3 3 3 3 3 1 2 3 1 2 3 3 2 3 3 2 3 3 0 1 2 3 3 0 0 1 2 3 3 1 2 3 1 2 3 3 3 0 0 1 2 3 3 0 1 2 3 2 3 3 1 2 3 3 3 3 2 3 0 1 2 3 3 2 3 3 1 2 3 2 3 0 1 2 3 2 3 3 3 1 2 3 1 2 3 0 0 0 1 2 3
0 1 2 3 0 1 2 3 0 1 2 0 1 2 3 0 1 0 1 2 3 2 3 1 2 0 1 2 3 3 3 0 1 2 3 3 2 3 3 2 3 3 1 2 3 1 2 3 1 2 3 3 2 3 0 1 2 3 3 3 0 1 2 3 3 3 1 2 3 1 2 3 3 3 0 0 1 2 3 1 0 1 2 3 1 2 3 1 2 3 3 3 3 2 3 0 1 2 3 1 2 3 2 3 2 3 2 3 0 1 2 3 2 3 3 3 1 2 3 1 2 3 2 3 3 2 3 2
0 1 2 3 0 1 2 3 0 1 2 0 1 2 3 0 1 0 1 2 3 2 3 1 0 0 1 2 3 3 0 1 2 3 3 3 2 3 1 2 3 0 1 2 3 1 2 3 2 3 2 3 2 3 0 1 2 3 3 3 0 1 2 3 3 3 2 3 3 1 2 3 3 3 0 0 1 2 3 1 0 1 2 3 1 2 3 1 2 3 3 3 3 2 3 3 1 2 3 1 2 3 2 3 3 0 1 2 0 1 2 3 2 3 3 3 1 2 3 3 2 3 3 3 3 2 3 2
0 1 2 3 0 1 2 3 0 1 2 0 1 2 3 0 1 0 1 2 3 2 3 1 0 1 2 3 2 3 0 1 2 3 2 3 2 3 1 2 3 0 1 2 3 1 2 3 2 3 2 3 2 3 0 1 2 3 3 3 1 2 3 3 3 3 2 3 3 2 3 3 1 2 3 0 1 2 3 0 0 1 2 3 1 2 3 1 2 3 3 3 1 2 3 3 3 2 3 1 2 3 3 3 3 0 1 2 0 1 2 3 2 3 2 3 0 1 2 3 2 3 3 2 3 2 3 2
0 1 2 3 0 1 2 3 0 1 2 0 1 2 3 0 1 0 1 2 3 2 3 1 0 1 2 3 2 3 1 2 3 3 2 3 2 3 1 2 3 0 1 2 3 2 3 3 2 3 2 3 2 3 0 1 2 3 3 3 3 1 2 3 2 3 2 3 3 3 3 3 1 2 3 0 1 2 3 0 1 2 3 0 1 2 3 1 2 3 3 3 1 2 3 3 3 3 3 2 3 2 3 3 3 0 1 2 0 1 2 3 2 3 2 3 0 1 2 3 3 3 3 2 3 2 3 2
0 1 2 3 0 1 2 3 0 1 2 0 1 2 3 0 1 0 1 2 3 2 3 1 0 1 2 3 2 3 1 2 3 3 2 3 3 3 1 2 3 0 1 2 3 2 3 3 2 3 3 3 2 3 0 1 2 3 3 3 1 2 3 1 2 3 3 3 3 3 3 3 3 2 3 0 1 2 3 0 1 2 3 0 1 2 3 1 2 3 3 3 1 2 3 2 3 3 1 2 3 2 3 2 3 0 1 2 0 1 2 3 2 3 2 3 1 0 1 2 3 3 3 2 3 2 3 2
0 1 2 3 0 1 2 3 0 1 2 0 1 2 3 0 1 0 1 2 3 2 3 1 0 1 2 3 3 3 1 2 3 3 1 2 3 3 1 2 3 0 1 2 3 2 3 3 2 3 3 3 2 3 1 0 1 2 3 0 1 2 3 1 2 3 3 3 3 3 2 3 3 2 0 1 2 3 3 1 2 3 0 0 1 2 3 1 2 3 3 3 1 2 3 2 3 3 3 2 3 2 3 2 3 0 1 0 1 2 3 1 2 3 2 3 1 0 1 2 3 3 1 2 3 2 3 2
0 1 2 3 0 1 2 3 0 1 2 0 1 2 3 0 1 0 1 2 3 2 3 1 0 1 2 3 3 3 2 3 3 0 1 2 3 3 1 2 3 0 1 2 3 2 3 3 2 3 3 3 3 3 1 0 1 2 3 1 2 3 0 1 2 3 2 3 3 3 2 3 3 1 0 1 2 3 3 1 2 3 0 0 1 2 3 1 2 3 3 0 1 2 3 1 2 3 3 3 1 2 3 2 3 0 1 0 1 2 3 1 2 3 2 3 3 0 1 2 3 3 1 2 3 2 3 2
0 1 2 3 0 1 2 3 0 1 2 0 1 2 3 0 1 0 1 2 3 2 3 3 0 1 2 3 3 3 2 3 3 0 1 2 3 3 1 2 3 0 1 2 3 2 3 3 3 3 3 2 3 3 3 0 1 2 3 2 3 0 0 1 2 3 3 2 3 3 2 3 3 0 0 1 2 3 3 2 3 0 1 0 1 2 3 1 2 3 3 0 1 2 3 1 2 3 3 3 1 2 3 1 2 3 1 0 1 2 3 3 2 3 2 3 3 0 1 2 3 3 1 2 3 2 3 2
0 1 2 3 0 1 2 3 0 1 2 0 1 2 3 0 1 0 1 2 3 2 3 3 0 1 2 3 3 3 3 3 1 0 1 2 3 3 1 2 3 0 1 2 3 3 3 3 3 3 1 2 3 3 3 0 1 2 3 0 1 0 0 1 2 3 3 2 3 0 1 2 3 0 1 2 3 3 3 2 3 0 1 0 1 2 3 1 2 3 3 0 1 2 3 1 2 3 2 3 1 2 3 1 2 3 1 0 1 2 3 3 2 3 2 3 3 0 1 2 3 3 1 2 3 2 3 3
0 1 2 3 0 1 2 3 0 1 2 0 1 2 3 0 1 0 1 2 0 1 2 3 1 2 3 3 3 3 3 3 1 0 1 2 3 3 0 1 2 3 1 2 3 3 3 3 3 3 1 2 3 3 3 3 1 2 3 0 0 0 1 2 3 3 1 2 3 0 1 2 3 0 0 1 2 3 3 1 2 3 0 0 1 2 3 1 2 3 3 1 2 3 0 1 2 3 2 3 1 2 3 1 2 3 0 1 2 3 2 3 2 3 2 3 3 0 1 2 3 3 1 2 3 2 3 3
0 1 2 3 0 1 2 3 0 1 2 0 1 2 3 0 1 0 1 2 0 1 2 3 3 2 3 2 3 3 3 3 1 0 1 2 3 3 0 1 2 3 2 3 3 3 3 3 3 0 1 2 3 3 2 3 1 2 3 0 0 1 2 3 3 0 1 2 3 0 1 2 3 0 0 1 2 3 0 1 2 3 0 1 2 3 0 1 2 3 3 1 2 3 0 1 2 3 2 3 1 2 3 0 1 2 0 1 2 3 2 3 3 3 2 3 3 0 1 2 3 3 1 2 3 2 3 3
0 1 2 3 0 1 2 3 0 1 2 0 1 2 3 0 1 0 1 2 0 1 2 3 3 2 3 2 3 3 3 0 1 2 3 2 3 0 0 1 2 3 1 2 3 3 2 3 3 1 0 1 2 3 2 3 3 2 3 3 0 1 2 3 3 0 1 2 3 0 1 2 3 3 1 2 3 1 0 1 2 0 0 1 2 3 0 1 2 3 3 1 2 3 1 2 3 1 2 3 1 2 3 0 0 0 0 1 2 3 1 2 3 3 0 1 2 3 1 2 3 3 1 2 3 2 3 3
w w w w w w w w w w w w w w w w w w w w w w w w w w w w w w w w w w w w w w w w w w w w w w w w w w w w w w w w w w w w w w w w w w w w w w w w w w w w w w w w w w w w w w w w w w w w w w w w w w w w w w w w w w w w w w w w w w w w w w w w w w w w w w w w
w w w w w w w w w w w w w w w w w w w w w w w w w w w w w w w w w w w w w w w w w w w w w w w w w w w w w w w w w w w w w w w w w w w w w w w w w w w w w w w w w w w w w w w w w w w w w w w w w w w w w w w w w w w w w w w w w w w w w w w w w w w w w w w w
w w w w w w w w w w w w w w w w w w w w w w w w w w w w w w w w w w w w w w w w w w w w w w w w w w w w w w w w w w w w w w w w w w w w w w w w w w w w w w w w w w w w w w w w w w w w w w w w w w w w w w w w w w w w w w w w w w w w w w w w w w w w w w w w
w w w w w w w w w w w w w w w w w w w w w w w w w w w w w w w w w w w w w w w w w w w w w w w w w w w w w w w w w w w w w w w w w w w w w w w w w w w w w w w w w w w w w w w w w w w w w w w w w w w w w w w w w w w w w w w w w w w w w w w w w w w w w w w w
w w w w w w w w w w w w w w w w w w w w w w w w w w w w w w w w w w w w w w w w w w w w w w w w w w w w w w w w w w w w w w w w w w w w w w w w w w w w w w w w w w w w w w w w w w w w w w w w w w w w w w w w w w w w w w w w w w w w w w w w w w w w w w w w
w w w w w w w w w w w w w w w w w w w w w w w w w w w w w w w w w w w w w w w w w w w w w w w w w w w w w w w w w w w w w w w w w w w w w w w w w w w w w w w w w w w w w w w w w w w w w w w w w w w w w w w w w w w w w w w w w w w w w w w w w w w w w w w w
w w w w w w w w w w w w w w w w w w w w w w w w w w w w w w w w w w w w w w w w w w w w w w w w w w w w w w w w w w w w w w w w w w w w w w w w w w w w w w w w w w w w w w w w w w w w w w w w w w w w w w w w w w w w w w w w w w w w w w w w w w w w w w w w
w w w w w w w w w w w w w w w w w w w w w w w w w w w w w w w w w w w w w w w w w w w w w w w w w w w w w w w w w w w w w w w w w w w w w w w w w w w w w w w w w w w w w w w w w w w w w w w w w w w w w w w w w w w w w w w w w w w w w w w w w w w w w w w w
w w w w w w w w w w w w w w w w w w w w w w w w w w w w w w w w w w w w w w w w w w w w w w w w w w w w w w w w w w w w w w w w w w w w w w w w w w w w w w w w w w w w w w w w w w w w w w w w w w w w w w w w w w w w w w w w w w w w w w w w w w w w w w w w
w w w w w w w w w w w w w w w w w w w w w w w w w w w w w w w w w w w w w w w w w w w w w w w w w w w w w w w w w w w w w w w w w w w w w w w w w w w w w w w w w w w w w w w w w w w w w w w w w w w w w w w w w w w w w w w w w w w w w w w w w w w w w w w w
w w w w w w w w w w w w w w w w w w w w w w w w w w w w w w w w w w w w w w w w w w w w w w w w w w w w w w w w w w w w w w w w w w w w w w w w w w w w w w w w w w w w w w w w w w w w w w w w w w w w w w w w w w w w w w w w w w w w w w w w w w w w w w w w
w w w w w w w w w w w w w w w w w w w w w w w w w w w w w w w w w w w w w w w w w w w w w w w w w w w w w w w w w w w w w w w w w w w w w w w w w w w w w w w w w w w w w w w w w w w w w w w w w w w w w w w w w w w w w w w w w w w w w w w w w w w w w w w w
w w w w w w w w w w w w w w w w w w w w w w w w w w w w w w w w w w w w w w w w w w w w w w w w w w w w w w w w w w w w w w w w w w w w w w w w w w w w w w w w w w w w w w w w w w w w w w w w w w w w w w w w w w w w w w w w w w w w w w w w w w w w w w w w
w w w w w w w w w w w w w w w w w w w w w w w w w w w w w w w w w w w w w w w w w w w w w w w w w w w w w w w w w w w w w w w w w w w w w w w w w w w w w w w w w w w w w w w w w w w w w w w w w w w w w w w w w w w w w w w w w w w w w w w w w w w w w w w w
w w w w w w w w w w w w w w w w w w w w w w w w w w w w w w w w w w w w w w w w w w w w w w w w w w w w w w w w w w w w w w w w w w w w w w w w w w w d d d d d d d d d d d d d d d d d d d d d d d d d d d d d d d d d w w w w w w w w w w w w w w w w w w w w
w w w w w w w w w w w w w w w w w w w w w w w w w w w w w w w w w w w w w w w w w w w w w w w w w w w w w w w w w w w w w w w w w w w w w w w w w w w d d d d d d d d d d d d d d d d d d d d d d d d d d d d d d d d d w w w w w w w w w w w w w w w w w w w w
w w w w w w w w w w w w w w w w w w d d d w w w w w d d d d d d d d d w w w w d d d d d d d d d d d d w w w w w w w w w w w w w w w w w w w w w w w w d d d d d d d d d d d d d d d d d d d d d d d d d d d d d d d d d w w w w w w w w w w w w w w w w w w w w
w w w w w w w w w w w w w w w w w w d d d w w w w w d d d d d d d d d w w w w d d d d d d d d d d d d w w w w w w w w d d d d d d d d d d d w w w w w d d d d d d d d d d d d d d d d d d d d d d d d d d d d d d d d d w w w w w w w w w w w w w w w w w w w w
w w w w w w w w w w w w w w w w w w d d d d d d d d d d d d d d d d d d d d d d d d d d d d d d d d d w w w w w w w w d d d d d d d d d d d w w w w w d d d d d d d d d d d d d d d d d d d d d d d d d d d d d d d d d w w w w w w w w w w w w w w w w w w w w
w w w w w w w w w w w w w w w w w w d d d d d d d d d d d d d d d d d d d d d d d d d d d d d d d d d w w w w w w w w d d d d d d d d d d d w w w w w d d d d d d d d d d d d d d d d d d d d d d d d d d d d d d d d d w w w w w w w w w w w w w w w w w w w w
w w w w w w w w w w w w w w w w w w d d d d d d d d d d d d d d d d d d d d d d d d d d d d d d d d d d d d d d d d d d d d d d d d d d d d d d d d d d d d d d d d d d d d d d d d d d d d d d d d d d d d d d d d d d w w w w w w w w w w w w w w w w w w w w
w w w w w w w w w w w w w w w w w w d d d w w w w w d d d d d d d d d w w w w d d d d d d d d d d d d d d d d d d d d d d d d d d d d d d d d d d d d d d d d d d d d d d d d d d d d d d d d d d d d d d d d d d d d d w w w w w w w w w w w w w w w w w w w w
w w w w w w w w w w w w w w w w w w d d d w w w w w d d d d d d d d d w w w w d d d d d d d d d d d d d d d d d d d d d d d d d d d d d d d d d d d d d d d d d d d d d d d d d d d d d d d d d d d d d d d d d d d d d w w w w w w w w w w w w w w w w w w w w
w w w w w w w w w w w w w w w w w w d d d w w w w w d d d d d d d d d w w w w d d d d d d d d d d d d w w w w w w w w d d d d d d d d d d d w w w w w d d d d d d d d d d d d d d d d d d d d d d d d d d d d d d d d d w w w w w w w w w w w w w w w w w w w w
w w w w w w w w w w w w w w w w w w d d d w w w w w w w w w w w w w w w w w w d d d d d d d d d d d d w w w w w w w w d d d d d d d d d d d w w w w w d d d d d d d d d d d d d d d d d d d d d d d d d d d d d d d d d w w w w w w w w w w w w w w w w w w w w
w w w w w w w w w w w w w w w w w w d d d w w w w w w w w w w w w w w w w w w d d d d d d d d d d d d w w w w w w w w d d d d d d d d d d d w w w w w d d d d d d d d d d d d d d d d d d d d d d d d d d d d d d d d d w w w w w w w w w w w w w w w w w w w w
w w w w w w w w w w w w w w w w w w d d d w w w w w w w w w w w w w w w w w w d d d d d d d d d d d d w w w w w w w w w w w w w w w w w w w w w w w w d d d d d d d d d d d d d d d d d d d d d d d d d d d d d d d d d w w w w w w w w w w w w w w w w w w w w
w w w w w w w w w w w w w w w w w w d d d w w w w w w d d d d d d d d d d d w d d d d d d d d d d d d w w w w w w w w w w w w w w w w w w w w w w w w d d d d d d d d d d d d d d d d d d d d d d d d d d d d d d d d d w w w w w w w w w w w w w w w w w w w w
w w w w w w w w w w w w w w w w w w d d d w w w w w w d d d d d d d d d d d w d d d d d d d d d d d d w w w w w w w w w w w w w w w w w w w w w w w w d d d d d d d d d d d d d d d d d d d d d d d d d d d d d d d d d w w w w w w w w w w w w w w w w w w w w
w w w w w w w w w w w w w w w w w w d d d w w w w w w d d d d d d d d d d d w d d d d d d d d d d d d w w w w w w w w w w w w w w w w w w w w w w w w w w w w w w w w w w w w w w w w w w w w w w w w w w w w w w w w w w w w w w w w w w w w w w w w w w w w w
w w w w w w w w w w w w w w w w w w d d d d d d d d d d d d d d d d d d d d w d d d d d d d d d d d d w w w w w w w w w w w w w w w w w w w w w w w w w w w w w w w w w w w w w w w w w w w w w w w w w w w w w w w w w w w w w w w w w w w w w w w w w w w w w
w w w w w w w w w w w w w w w w w w d d d d d d d d d d d d d d d d d d d d w d d d d d d d d d d d d w w w w w w w w w w w w w w w w w w w w w w w w w w w w w w w w w w w w w w w w w w w w w w w w w w w w w w w w w w w w w w w w w w w w w w w w w w w w w
w w w w w w w w w w w w w w w w w w d d d d d d d d d d d d d d d d d d d d w d d d d d d d d d d d d w w w w w w w w w w w w w w w w w w w w w w w w w w w w w w w w w w w w w w w w w w w w w w w w w w w w w w w w w w w w w w w w w w w w w w w w w w w w w
w w w w w w w w w w w w w w w w w w w w w w w w w w w d d d d d d d d d d d w d d d d d d d d d d d d w w w w w w w w w w w w w w w w w w w w w w w w w w w w w w w w w w w w w w w w w w w w w w w w w w w w w w w w w w w w w w w w w w w w w w w w w w w w w
w w w w w w w w w w w w w w w w w w w w w w w w w w w d d d d d d d d d d d w w w w w w w w w w w w w w w w w w d d d d d d w w w w w w w w w w w w w w w w w w w w w w w w w w w w w w w w w w w w w w w w w w w w w w w w w w w w w w w w w w w w w w w w w w
w w w w w w w w w w w w w w w w w w w w w w w w w w w d d d d d d d d d d d w w w w w w w w w w w w w w w w w w d d d d d d w w w w w w w w w w w w w w w w w w w w w w w w w w w w w w w w w w w w w w w w w w w w w w w w w w w w w w w w w w w w w w w w w w
w w w w w w w w w w w w w w w w w w w w w w w w w w w w w w d d d w w w w w w w w w w w w w w w w w w w w w w w d d d d d d w w w w w w w w w w w w w w w w w w w w w w w w w w w w w w w w w w w w w w w w w w w w w w w w w w w w w w w w w w w w w w w w w w
w w w w w w w w w w w w w w w w w w w w w w w w w w w w w w d d d w w w w w w w w w w w w w w w w w w w w w w w d d d d d d w w w w w w w w w w w w w w w w w w w w w w w w w w w w w w w w w w w w w w w w w w w w w w w w w w w w w w w w w w w w w w w w w w
w w w w w w w w w w w w w w w w w w w w w w w w w w w w w w d d d w w w w w w w d d d d d d d d d d d d d w w w d d d d d d w w w w w w w w w w w w w w w w w w w w w w w w w w w w w w w w w w w w w w w w w w w w w w w w w w w w w w w w w w w w w w w w w w
w w w w w w w w w w w w w w w w w w w w w w w w w w w w w w d d d w w w w w w w d d d d d d d d d d d d d w w w d d d d d d w w w w w w w w w w w w w w w w w w w w w w w w w w w w w w w w w w w w w w w w w w w w w w w w w w w w w w w w w w w w w w w w w w
w w w w w w w w w w w w w w w w w w w w w w w w w w w d d d d d d d d d d d d d d d d d d d d d d d d d d w w w d d d d d d w w w w w d d d d d d w w w w w w w w w w w w w w w w w w w w w w w w w w w w w w w w w w w w w w w w w w w w w w w w w w w w w w w
w w w w w w w w w w w w w w w w w w w w w w w w w w w d d d d d d d d d d d d d d d d d d d d d d d d d d d d d d d d d d d w w w w w d d d d d d w w w w w w w w w w w w w w w w w w w w w w w w w w w w w w w w w w w w w w w w w w w w w w w w w w w w w w w
w w w w w w w w w w w w w w w w w w w w w w w w w w w d d d d d d d d d d d d d d d d d d d d d d d d d d d d d d d d d d d w w w w w d d d d d d w w w w w w w w w w w w w w w w w w w w w w w w w w w w w w w w w w w w w w w w w w w w w w w w w w w w w w w
w w w w w w w w w w w w w w w w w w w w w w w w w w w d d d d d d d d d d d d d d d d d d d d d d d d d d d d d d d d d d d w w w w w d d d d d d w w w w w w w w w w w w w w w w w w w w w w w w w w w w w w w w w w w w w w w w w w w w w w w w w w w w w w w
w w w w w w w w w w w w w w w w w w d d d d d d w w w d d d d d d d d w w w w w d d d d d d d d d d d d d w w w d d d d d d w w w w w d d d d d d w w w w w w w w w w w w w w w w w w w w w w w w w w w w w w w w w w w w w w w w w w w w w w w w w w w w w w w
w w w w w w w w w w w w w w w w w w d d d d d d w w w d d d d d d d d w w w w w d d d d d d d d d d d d d w w w d d d d d d w w w w w d d d d d d w w w w w w w w w w w w w w w w w w w w w w w w w w w w w w w w w w w w w w w w w w w w w w w w w w w w w w w
w w w w w w w w w w w w w w w w w w d d d d d d d d d d d d d d d d d w w w w w d d d d d d d d d d d d d w w w d d d d d d d d d d d d d d d d d w w w w w w w w w w w w w w w w w w w w w w w w w w w w w w w w w w w w w w w w w w w w w w w w w w w w w w w
w w w w w w w w w w w w w w w w w w d d d d d d d d d d d d d d d d d w w w w w w w w w w d d d w w w w w w w w d d d d d d d d d d d d d d d d d w w w w w w w w w w w w w w g g g g g g g g g g g g g g w w w w w w w w w w w w w w w w w w w w w w w w w w w
w w w w w w w w w w w w w w w w w w d d d d d d d d d d d d d d d d d d d d d w w w w w w d d d w w w w w w w w d d d d d d d d d d d d d d d d d w w w w w w w w w w w g g g g g g g g g g g g g g g g g g g g w w w w w w w w w w w w w w w w w w w w w w w w
w w w w w w w w w w w w w w w w w w d d d d d d w w w d d d d d d d d d d d d w w w w w w d d d w w w w w w w w d d d d d d w w w w w d d d d d d w w w w w w w w w g g g g g g g g g g g g g g g g g g g g g g g g g w w w w w w w w w w w w w w w w w w w w w
w w w w w w w w w w w w w w w w w w d d d d d d w w w d d d d d d d d d d d d w w w w w w d d d w w w w w w w w d d d d d d w w w w w d d d d d d w w w w w w w w g g g g g g g g g g g g g g g g g g g g g g g g g g g w w w w w w w w w w w w w w w w w w w w
w w w w w w w w w w w w w w w w w w w w w w w w w w w w w w w w w w w w w w w w w w w w w d d d w w w w w w w w w w w w w w w w w w w d d d d d d w w w w w w w g g g g g g g g g g g g g g g g g g g g g g g g g g g g w w w w w w w w w w w w w w w w w w w w
w w w w w w w w w w w w w w w w w w w w w w w w w w w w w w w w w w w w w w w w w w w w w d d d w w w w w w w w w w w w w w w w w w w d d d d d d w w w w w w g g g g g g g g g g g g g g g g g g g g g g g g g g g g g w w w w w w w w w w w w w w w w w w w w
w w w w w w w w w w w w w w w w w w w w w w w w w w w w w w w w w w w w w w w w w w w w w d d d w w w w w w w w w w w w w w w w w w w d d d d d d w w w w w g g g g g g g g g g g g g g g g g g g g g g g g g g g g g g w w w w w w w w w w w w w w w w w w w w
w w w w w w w w w w w w w w w w w w w w w w w w w w w w w w w w w w w w w w w w w w w w w d d d w w w w w w w w w w w w w w w w w w w d d d d d d w w w w w g g g g g g g g g g g g g g g g g g g g g g g g g g g g g g w w w w w w w w w w w w w w w w w w w w
w w w w w w w w w w w w w w w w w w w w w w w w w w w w w w w w w w w w w w w w w w w w w d d d w w w w w w w w w w w w w w w w w w w w w w w w w w w w w g g g g g g g g g g g g g g g g g g g g g g g g g g g g g g g g w w w w w w w w w w w w w w w w w w w
w w w w w w w w w w w w w w w w w w t t t t t t t t t t t t t t t t t t w w w w w w w w w d d d w w w w w w w w w w w w w w w w w w w w w w w w w w w w w g g g g g g g g g g g g g g g g g g g g g g g g g g g g g g g g w w w w w w w w w w w w w w w w w w w
w w w w w w w w w w w w w w w w t t t t t t t t t t t t t t t t t t t t t t t t t t t w w d d d w w w w w w w w w w w w w w w w w w w w w w w w w w w w g g g g g g g g g g g g g w w w g g g g g g g g g g g g g g g g g w w w w w w w w w w w w w w w w w w w
w w w w w w w w w w w w w w w t t t t t t t t t t t t t t t t t t t t t t t t t t t t t t t t t t t w w w w w w w w w w w w w w w w w w w w w w w w w w g g g g g g g g g g g g w w w g g g g g g g g g g g g g g g g g g w w w w w w w w w w w w w w w w w w w
w w w w w w w w w w w w w w t t t t t t t t t t t t t t t t t t t t t t t t t t t t t t t t t t t t t t t t t t t t t t t w w w w w w w w w w w w w w g g g g g g g g g g g g g g w g g g g g g g g g g g g g g g g g g g w w w w w w w w w w w w w w w w w w w
w w w w w w w w w w w w w w t t t t t t t t t t t t t t t t t t t t t t t t t t t t t t t t t t t t t t t t t t t t t t t t w w w w w w w w w w w w w g g g g g g g g g g g g g g g g g g g g g g g g g g g g g g g g g g g w w w w w w w w w w w w w w w w w w
w w w w w w w w w w w w w w t t t t t t t t t t t t t t t t t t t t t t t t t t t t t t t t t t t t t t t t t t t t t t t t w w w w w w w w w w w w w g g g g g g g g g g g g g g g g g g g g g g g g g g g g g g g g g g g w w w w w w w w w w w w w w w w w w
w w w w w w w w w w w w w t t t t t t t t t t t t t t t t t t t t t t t t t t t t t t t t t t t t t t t t t t t t t t t t t w w w w w w w w w w w w g g g g g g g g g g g g g g g g g g g g g g g g g g g g g g g g g g g g w w w w w w w w w w w w w w w w w w
w w w w w w w w w w w w w t t t t t t t t t t t t t t t t t t t t t t t t t t t t t t t t t t t t t t t t t t t t t t t t t t w w w w w w w w w w w g g g g g g g g g g g g g g g g g g g g g g g g g g g g g g g g g g g g w w w w w w w w w w w w w w w w w w
w w w w w w w w w w w w w t t t t t t t t t t t t t t t t t t t t t t t t t t t t t t t t t t t t t t t t t t t t t t t t t t w w w w w w w w w w w g g g g g g g g g g g g g g g g g g g g g g g g g g g g g g g g g g g g w w w w w w w w w w w w w w w w w w
w w w w w w w w w w w w t t t t t t t t t t t t t t t t t t t t t t t t t t t t t t t t t t t t t t t t t t t t t t t t t t t w w w w w w w w w w w g g g g g g g g g g g g g g g g g g g g g g g g g g g g g g g g g g g g w w w w w w w w w w w w w w w w w w
w w w w w w w w w w w w t t t t t t t t t t t t t t t t t t t t t t t t t t t t t t t t t t t t t t t t t t t t t t t t t t t w w w w w w w w w w w g g g g g g g g g g g g g g g g g g g g g g g g g g g g g g g g g g g g w w w w w w w w w w w w w w w w w w
w w w w w w w w w w w w t t t t t t t t t t t t t t t t t t t t t t t t t t t t t t t t t t t t t t t t t t t t t t t t t t t w w w w w w w w w w w g g g g g g g g g g g g g g g g g g g g g g g g g g g g g g g g g g g g w w w w w w w w w w w w w w w w w w
w w w w w w w w w w w w t t t t t t t t t t t t t t t t t t t t t t t t t t t t t t t t t t t t t t t t t t t t t t t t t t t t w w w w w w w w w w g g g g g g g g g g g g g g g g g g g g g g g g g g g g g g g g g g g g w w w w w w w w w w w w w w w w w w
w w w w w w w w w w w w t t t t t t t t t t t t t t t t t t t t t t t t t t t t t t t t t t t t t t t t t t t t t t t t t t t t w w w w w w w w w w w g g g g g g g g g g g g g g g g g g g g g g g g g g g g g g g g g g g w w w w w w w w w w w w w w w w w w
w w w w w w w w w w w w t t t t t t t t t t t t t t t t t t t t t t t t t t w t t t t t t t t t t t t t t t t t t t t t t t t t w w w w w w w w w w w w g g g g g g g g g g g g g g g g g g g g g g g g g g g g g g g g g g w w w w w w w w w w w w w w w w w w
w w w w w w w w w w w w t t t t t t t t t t t t t t t t t t t t t t t t t w w w t t t t t t t t t t t t t t t t t t t t t t t t w w w w w w w w w w w w g g g g g g g g g g g g g g g g g g g g g g g g g g g g g g g g g g w w w w w w w w w w w w w w w w w w
w w w w w w w w w w w w t t t t t t t t w t t t t t t t t t t t t t t t t t w w w t t t t t t t t t t t t t t t t t t t t t t t w w w w w w w w w w w w g g g g g g g g g g g g g g g g g g g g g g g g g g g g g g g g g g w w w w w w w w w w w w w w w w w w
w w w w w w w w w w w w t t t t t t t t w t t t t t t t t t t t t t t t t t t w w t t t t t t t t t t t t t t t t t t t t t t t w w w w w w w w w w w w w g g g g g g g g g g g g g g g g g g g g g g g g g g g g g g g g g w w w w w w w w w w w w w w w w w w
w w w w w w w w w w w w t t t t t t t w w w t t t t t t t t t t t t t t t t t t t t t t t t t t t t t t t t t t t t t t t t t t t w w w w w w w w w w w w g g g g g g g g g g g g g g g g g g g g g g g g g g g g g g g g g w w w w w w w w w w w w w w w w w w
w w w w w w w w w w w w t t t t t t w w w w t t t t t t t t t t t t t t t t t t t t t t t t t t t t t t t t t t t t t t t t t t t w w w w w w w w w w w w w g g g g g g g g g g g g g g g g g g g g g g g g g g g g g g g g w w w w w w w w w w w w w w w w w w
w w w w w w w w w w w w t t t t t t t w w t t t t t t t t t t t t t t t t t t t t t t t t t t t t t t t t t t t t t t t t t t t t t w w w w w w w w w w w w g g g g g g g g g g g g g g g g g g g g g g g g g g g g g g g g w w w w w w w w w w w w w w w w w w
w w w w w w w w w w w w t t t t t t t t t t t t t t t t t t t t t t t t t t t t t t t t t t t t t t t t t t t t t t t t t t t t t t t w w w w w w w w w w w w g g g g g g g g g g g g g g g g g g g g g g g g g g g g g g g w w w w w w w w w w w w w w w w w w
w w w w w w w w w w w w t t t t t t t t t t t t t t t t t t t t t t t t t t t t t t t t t t t t t t t t t t t t t t t t t t t t t t t t w w w w w w w w w w w w w g g g g g g g g g g g g g g g g g g g g g g g g g g g g w w w w w w w w w w w w w w w w w w w
w w w w w w w w w w w w t t t t t t t t t t t t t t t t t t t t t t t t t t t t t t t t t t t t t t t t t t t t t t t t t t t t t t t t t w w w w w w w w w w w w w g g g g g g g g g g g g g g g g g g g g g g g g g g g w w w w w w w w w w w w w w w w w w w
w w w w w w w w w w w w t t t t t t t t t t t t t t t t t t t t t t t t t t t t t t t t t t t t t t t t t t t t t t t t t t t t t t t t t t w w w w w w w w w w w w w g g g g g g g g g g g g g g g g g g g g g g g g g g w w w w w w w w w w w w w w w w w w w
w w w w w w w w w w w w t t t t t t t t t t t t t t t t t t t t t t t t t t t t t t t t t t t t t t t t t t t t t t t t t t t t t t t t t t w w w w w w w w w w w w w w g g g g g g g g g g g g g g g g g g g g g g g g g w w w w w w w w w w w w w w w w w w w
w w w w w w w w w w w w w t t t t t t t t t t t t t t t t t t t t t t t t t t t t t t t t t t t t t t t t t t t t t t t t t t t t t t t t t t w w w w w w w w w w w w w w g g g g g g g g g g g g g g g g g g g g g g g g w w w w w w w w w w w w w w w w w w w
w w w w w w w w w w w w w t t t t t t t t t t t t t t t t t t t t t t t t t t t t t t t t t t t t t t t t t t t t t t t t t t t t t t t t t t w w w w w w w w w w w w w w w g g g g w w g g g g g w w w w w w w g g g g w w w w w w w w w w w w w w w w w w w w
w w w w w w w w w w w w w t t t t t t t t t t t t t t t t t t t t t t t t t t t t t t t t t t t t t t t t t t t t t t t t t t t t t t t t t t t w w w w w w w w w w w w w w g g g g w w w w w w w w w w g g g g g w w w w w w w w w w w w w w w w w w w w w w w
w w w w w w w w w w w w w t t t t t t t t t t t t t t t t t t t t t t t t t t t t t t t t t t t t t t t t t t t t t t t t t t t t t t t t t t t t w w w w w w w w w w w w w g g g g w w w w w w w w g g g g g g g g g w w w w w w w w w w w w w w w w w w w w w
w w w w w w w w w w w w w w t t t t t t t t t t t t t t t t t t t t w t t t t t t t t t t t t t t t t t t t t t t t t t t t t t t t t t t t t t t w w w w w w w w w w w w w g g g g g w w w w w w g g g g g g g g g g g w w w w w w w w w w w w w w w w w w w w
w w w w w w w w w w w w w w t t t t t t t t t t t t t t t t t t t w w w t t t t t t t t t t t t t t t t t t t t t t t t t t t t t t t t t t t t t w w w w w w w w w w w w w g g g g g w w w w w g g g g g g g g g g g g w w w w w w w w w w w w w w w w w w w w
w w w w w w w w w w w w w w t t t t t t t t t t t t t t t t t t t t w t t t t t t t t t t t t t w w w w w w w w w w w w t t t t t t t t t t t t t w w w w w w w w w w w w w w g g g g w w w w g g g g g g w w w g g g g g w w w w w w w w w w w w w w w w w w w
w w w w w w w w w w w w w w w t t t t t t t t t t t t t t t t t t t t t t t t t t t t w w w w w w w w w w w w w w w w w w t t t t t t t t t t t w w w w w w w w w w w w w w w g g g g g g g g g g g g g w w w w g g g g g w w w w w w w w w w w w w w w w w w w
w w w w w w w w w w w w w w w w t t t t t t t t t t t t t t t t t t t t w w w w w w w w w w w w w w w w w w w w w w w w w w w t t t t t t t w w w w w w w w w w w w w w w w w g g g g g g g g g g g g w w w w w w g g g g w w w w w w w w w w w w w w w w w w w
w w w w w w w w w w w w w w w w w w t t t t t t t t t t t t t t w w w w w w w w w w w w w w w w w w w w w w w w w w w w w w w w w w d d w w w w w w w w w w w w w w w w w w w w g g g g g g g g g w w w w w w w g g g g w w w w w w w w w w w w w w w w w w w w
w w w w w w w w w w w w w w w w w w w t t t t t t t t t t t t w w w w w w w w w w w w w w w w w w w w w w w w w w w w w w w w w w w d d w w w w w w w w w w w w w w w w w w w w w g g g g g g w w w w w w w w w g g g g w w w w w w w w w w w w w w w w w w w w
w w w w w w w w w w w w w w w w w w w w t t t t t t t t t t w w w w w w w w w w w w w w w w w w w w w w w w w w w w w w w w w w w w d d w w w w w w w w w w w w w w w w w w w w w w w w w w w w w w w w w w w w g g g g w w w w w w w w w w w w w w w w w w w w
w w w w w w w w w w w w w w w w w w w w w w w w w w w w w w w w w w w w w w w w w w w w w w w w w w w w w w w w w w w w w w w w w w d d w w w w w w w w w w w w w w w w w w w w w w w w w w w w w w w w w w w w g g g g w w w w w w w w w w w w w w w w w w w w
w w w w w w w w w w w w w w w w w w w w w w w w w w w w w w w w w w w w w w w w w w w w w w w w w w w w w w w w w w w w w w w w w w f f w w w w w w w w w w w w w w w w w w w w w w w w w w w w w w w w w w w w w g g g w w w w w w w w w w w w w w w w w w w w
w w w w w w w w w w w w w w w w w w w w w w w w w w w w w w w w w w w w w w w w w w w w w w w w w w w w w w w w w w w w w w w g g g g g g g g g g g g g g g g g g g g g g g g g g g g g g g g g g g g g g g g g g g g g w w w w w w w w w w w w w w w w w w w w
w w w w w w w w w w w w w w w w w w w w w w w w w w w w w w w w w w w w w w w w w w w w w w w w w w w w w w w w w w w w w w w g g g g g g g g g g g g g g g g g g g g g g g g g g g g g g g g g g g g g g g g g g g g g w w w w w w w w w w w w w w w w w w w w
w w w w w w w w w w w w w w w w w w w w w w w w w w w w w w w w w w w w w w w w w w w w w w w w w w w w w w w w w w w w w w w g g g g g g g g g g g g g g g g g g g g g g g g g g g g g g g g g g g g g g g g g g g g g w w w w w w w w w w w w w w w w w w w w
w w w w w w w w w w w w w w w w w w w w w w w w w w w w w w w w w w w w w w w w w w w w w w w w w w w w w w w w w w w w w w w g g g g g g g g g g g g g g g g g g g g g g g g g g g g g g g g g g g g g g g g g g g g g w w w w w w w w w w w w w w w w w w w w
w w w w w w w w w w w w w w w w w w w w w w w w w w w w w w w w w w w w w w w w w w w w w w w w w w w w w w w w w w w w w w w g g g g g g g g g g g g g g g g g g g g g g g g g g g g g g g g g g g g g g g g g g g g g w w w w w w w w w w w w w w w w w w w w
w w w w w w w w w w w w w w w w w w w w w w w w w w w w w w w w w w w w w w w w w w w w w w w w w w w w w w w w w w w w w w w g g g g g g g g g g g g g g g g g g g g g g g g g g g g g g g g g g g g g g g g g g g g g w w w w w w w w w w w w w w w w w w w w
w w w w w w w w w w w w w w w w w w w w w w w w w w w w w w w w w w w w w w w w w w w w w w w w w w w w w w w w w w w w w w w g g g g g g g g g g g g g g g g g g g g g g g g g g g g g g g g g g g g g g g g g g g g g w w w w w w w w w w w w w w w w w w w w
w w w w w w w w w w w w w w w w w w w w w w w w w w w w w w w w w w w w w w w w w w w w w w w w w w w w w w w w w w w w w w w g g g g g g g g g g g g g g g g g g g g g g g g g g g g g g g g g g g g g g g g g g g g g w w w w w w w w w w w w w w w w w w w w
w w w w w w w w w w w w w w w w w w w w w w w w w w w w w w w w w w w w w w w w w w w w w w w w w w w w w w w w w w w w w w w g g g g g g g g g g g g g g g g g g g g g g g g g g g g g g g g g g g g g g g g g g g g g w w w w w w w w w w w w w w w w w w w w
w w w w w w w w w w w w w w w w w w w w w w w w w w w w w w w w w w w w w w w w w w w w w w w w w w w w w w w w w w w w w w w g g g g g g g g g g g g g g g g g g g g g g g g g g g g g g g g g g g g g g g g g g g g g w w w w w w w w w w w w w w w w w w w w
w w w w w w w w w w w w w w w w w w w w w w w w w w w w w w w w w w w w w w w w w w w w w w w w w w w w w w w w w w w w w w w g g g g g g g g g g g g g g g g g g g g g g g g g g g g g g g g g g g g g g g g w w w g g w w w w w w w w w w w w w w w w w w w w
w w w w w w w w w w w w w w w w w w w w w w w w w w w w w w w w w w w w w w w w w w w w w w w w w w w w w w w w w w w w w w w g g g g g g g g g g g g g g g g g g g g g g g g g g g g g g g g g g g g g g g g w w w g g w w w w w w w w w w w w w w w w w w w w
w w w w w w w w w w w w w w w w w w w w w w w w w w w w w w w w w w w w w w w w w w w w w w w w w w w w w w w w w w w w w w w g g g g g g g g g g g g g g g g g g g g g g g g g g g g g g g g g g g g g g w w w w w g g w w w w w w w w w w w w w w w w w w w w
w w w w w w w w w w w w w w w w w w w w w w w w w w w w w w w w w w w w w w w w w w w w w w w w w w w w w w w w w w w w w w w g g g g g g g g g g g g g g g g g g g g g g g g g g g g g g g g g g g g g g w w w w w g g w w w w w w w w w w w w w w w w w w w w
w w w w w w w w w w w w w w w w w w w w w w w w w w w w w w w w w w w w w w w w w w w w w w w w w w w w w w w w w w w w w w w w w w w w w w w w w w w w w w w w w w w w w w w w w w w w w w w w w w w w w w w w w w w w w w w w w w w w w w w w w w w w w w w w
w w w w w w w w w w w w w w w w w w w w w w w w w w w w w w w w w w w w w w w w w w w w w w w w w w w w w w w w w w w w w w w w w w w w w w w w w w w w w w w w w w w w w w w w w w w w w w w w w w w w w w w w w w w w w w w w w w w w w w w w w w w w w w w w
w w w w w w w w w w w w w w w w w w w w w w w w w w w w w w w w w w w w w w w w w w w w w w w w w w w w w w w w w w w w w w w w w w w w w w w w w w w w w w w w w w w w w w w w w w w w w w w w w w w w w w w w w w w w w w w w w w w w w w w w w w w w w w w w
w w w w w w w w w w w w w w w w w w w w w w w w w w w w w w w w w w w w w w w w w w w w w w w w w w w w w w w w w w w w w w w w w w w w w w w w w w w w w w w w w w w w w w w w w w w w w w w w w w w w w w w w w w w w w w w w w w w w w w w w w w w w w w w w
w w w w w w w w w w w w w w w w w w w w w w w w w w w w w w w w w w w w w w w w w w w w w w w w w w w w w w w w w w w w w w w w w w w w w w w w w w w w w w w w w w w w w w w w w w w w w w w w w w w w w w w w w w w w w w w w w w w w w w w w w w w w w w w w
w w w w w w w w w w w w w w w w w w w w w w w w w w w w w w w w w w w w w w w w w w w w w w w w w w w w w w w w w w w w w w w w w w w w w w w w w w w w w w w w w w w w w w w w w w w w w w w w w w w w w w w w w w w w w w w w w w w w w w w w w w w w w w w w
w w w w w w w w w w w w w w w w w w w w w w w w w w w w w w w w w w w w w w w w w w w w w w w w w w w w w w w w w w w w w w w w w w w w w w w w w w w w w w w w w w w w w w w w w w w w w w w w w w w w w w w w w w w w w w w w w w w w w w w w w w w w w w w w
w w w w w w w w w w w w w w w w w w w w w w w w w w w w w w w w w w w w w w w w w w w w w w w w w w w w w w w w w w w w w w w w w w w w w w w w w w w w w w w w w w w w w w w w w w w w w w w w w w w w w w w w w w w w w w w w w w w w w w w w w w w w w w w w
w w w w w w w w w w w w w w w w w w w w w w w w w w w w w w w w w w w w w w w w w w w w w w w w w w w w w w w w w w w w w w w w w w w w w w w w w w w w w w w w w w w w w w w w w w w w w w w w w w w w w w w w w w w w w w w w w w w w w w w w w w w w w w w w
w w w w w w w w w w w w w w w w w w w w w w w w w w w w w w w w w w w w w w w w w w w w w w w w w w w w w w w w w w w w w w w w w w w w w w w w w w w w w w w w w w w w w w w w w w w w w w w w w w w w w w w w w w w w w w w w w w w w w w w w w w w w w w w w
w w w w w w w w w w w w w w w w w w w w w w w w w w w w w w w w w w w w w w w w w w w w w w w w w w w w w w w w w w w w w w w w w w w w w w w w w w w w w w w w w w w w w w w w w w w w w w w w w w w w w w w w w w w w w w w w w w w w w w w w w w w w w w w w
w w w w w w w w w w w w w w w w w w w w w w w w w w w w w w w w w w w w w w w w w w w w w w w w w w w w w w w w w w w w w w w w w w w w w w w w w w w w w w w w w w w w w w w w w w w w w w w w w w w w w w w w w w w w w w w w w w w w w w w w w w w w w w w w
w w w w w w w w w w w w w w w w w w w w w w w w w w w w w w w w w w w w w w w w w w w w w w w w w w w w w w w w w w w w w w w w w w w w w w w w w w w w w w w w w w w w w w w w w w w w w w w w w w w w w w w w w w w w w w w w w w w w w w w w w w w w w w w w
w w w w w w w w w w w w w w w w w w w w w w w w w w w w w w w w w w w w w w w w w w w w w w w w w w w w w w w w w w w w w w w w w w w w w w w w w w w w w w w w w w w w w w w w w w w w w w w w w w w w w w w w w w w w w w w w w w w w w w w w w w w w w w w w
w w w w w w w w w w w w w w w w w w w w w w w w w w w w w w w w w w w w w w w w w w w w w w w w w w w w w w w w w w w w w w w w w w w w w w w w w w w w w w w w w w w w w w w w w w w w w w w w w w w w w w w w w w w w w w w w w w w w w w w w w w w w w w w w
w w w w w w w w w w w w w w w w w w w w w w w w w w w w w w w w w w w w w w w w w w w w w w w w w w w w w w w w w w w w w w w w w w w w w w w w w w w w w w w w w w w w w w w w w w w w w w w w w w w w w w w w w w w w w w w w w w w w w w w w w w w w w w w w
w w w w w w w w w w w w w w w w w w w w w w w w w w w w w w w w w w w w w w w w w w w w w w w w w w w w w w w w w w w w w w w w w w w w w w w w w w w w w w w w w w w w w w w w w w w w w w w w w w w w w w w w w w w w w w w w w w w w w w w w w w w w w w w w
w w w w w w w w w w w w w w w w w w w w w w w w w w w w w w w w w w w w w w w w w w w w w w w w w w w w w w w w w w w w w w w w w w w w w w w w w w w w w w w w w w w w w w w w w w w w w w w w w w w w w w w w w w w w w w w w w w w w w w w w w w w w w w w w
w w w w w w w w w w w w w w w w w w w w w w w w w w w w w w w w w w w w w w w w w w w w w w w w w w w w w w w w w w w w w w w w w w w w w w w w w w w w w w w w w w w w w w w w w w w w w w w w w w w w w w w w w w w w w w w w w w w w w w w w w w w w w w w w